12860,16,17,12853,9,10,12858,13,
12861,16,17,12853,9,10,12858,13,
16,0,1,2,3,4,5,7,8,12,15,12852,12854,12855,12856,12857,12859,12860,12861,
0,16,17,12853,9,10,12858,13,
10,0,1,2,3,4,5,7,8,12,15,12852,12854,12855,12856,12857,12859,12860,12861,
12,16,17,12853,9,10,12858,13,
1,16,17,12853,9,10,12858,13,
12855,16,17,12853,9,10,12858,13,
9,0,1,2,3,4,5,7,8,12,15,12852,12854,12855,12856,12857,12859,12860,12861,
7,16,17,12853,9,10,12858,13,
3,16,17,12853,9,10,12858,13,
4,16,17,12853,9,10,12858,13,
12856,16,17,12853,9,10,12858,13,
2,16,17,12853,9,10,12858,13,
12859,16,17,12853,9,10,12858,13,
15,16,17,12853,9,10,12858,13,
12852,16,17,12853,9,10,12858,13,
12854,16,17,12853,9,10,12858,13,
12858,0,1,2,3,4,5,7,8,12,15,12852,12854,12855,12856,12857,12859,12860,12861,
17,0,1,2,3,4,5,7,8,12,15,12852,12854,12855,12856,12857,12859,12860,12861,
12857,16,17,12853,9,10,12858,13,
13,0,1,2,3,4,5,7,8,12,15,12852,12854,12855,12856,12857,12859,12860,12861,
8,16,17,12853,9,10,12858,13,
5,16,17,12853,9,10,12858,13,
12853,0,1,2,3,4,5,7,8,12,15,12852,12854,12855,12856,12857,12859,12860,12861,
