130,16,17,9,12858,
4,0,2,3,4,5,7,8,12,15,12852,12855,12856,12857,12859,12860,12861,
261,16,17,12853,9,10,12858,13,
133,16,17,12853,9,12858,10,13,
262,0,3,12857,
6,16,17,9,12858,
264,16,17,9,12858,
141,5,
143,16,17,12853,9,12858,10,13,
15,0,2,3,4,5,7,8,12,15,12852,12855,12856,12857,12859,12860,12861,
271,0,3,12857,
146,16,17,9,12858,
147,0,2,3,4,5,7,8,12,15,12852,12855,12856,12857,12859,12860,12861,
19,0,2,3,4,5,7,8,12,15,12852,12855,12856,12857,12859,12860,12861,
20,0,2,3,4,5,7,8,12,15,12852,12855,12856,12857,12859,12860,12861,
21,16,17,9,12858,
26,16,17,9,12858,
154,0,3,12857,
27,16,17,9,12858,
28,16,17,9,12858,
163,0,2,3,4,5,7,8,12,15,12852,12855,12856,12857,12859,12860,12861,
35,0,2,3,4,5,7,8,12,15,12852,12855,12856,12857,12859,12860,12861,
164,16,17,12853,9,10,12858,13,
167,0,2,3,4,5,7,8,12,15,12852,12855,12856,12857,12859,12860,12861,
168,0,2,3,4,5,7,8,12,15,12852,12855,12856,12857,12859,12860,12861,
40,0,2,3,4,5,7,8,12,15,12852,12855,12856,12857,12859,12860,12861,
170,16,17,9,12858,
47,16,17,9,12858,
50,16,17,9,12858,
179,0,2,3,4,5,7,8,12,15,12852,12855,12856,12857,12859,12860,12861,
54,16,17,12853,9,10,12858,13,
55,0,2,3,4,5,7,8,12,15,12852,12855,12856,12857,12859,12860,12861,
183,0,2,3,4,5,7,8,12,15,12852,12855,12856,12857,12859,12860,12861,
56,0,2,3,4,5,7,8,12,15,12852,12855,12856,12857,12859,12860,12861,
57,5,
58,16,17,9,12858,
187,0,2,3,4,5,7,8,12,15,12852,12855,12856,12857,12859,12860,12861,
66,16,17,12853,9,10,12858,13,
68,5,
71,0,2,3,4,5,7,8,12,15,12852,12855,12856,12857,12859,12860,12861,
199,16,17,9,12858,
72,0,2,3,4,5,7,8,12,15,12852,12855,12856,12857,12859,12860,12861,
202,0,2,3,4,5,7,8,12,15,12852,12855,12856,12857,12859,12860,12861,
76,16,17,9,12858,
77,0,2,3,4,5,7,8,12,15,12852,12855,12856,12857,12859,12860,12861,
205,16,17,12853,9,12858,10,13,
79,16,17,9,12858,
80,0,3,12857,
212,16,17,9,12858,
84,5,
214,0,2,3,4,5,7,8,12,15,12852,12855,12856,12857,12859,12860,12861,
215,0,2,3,4,5,7,8,12,15,12852,12855,12856,12857,12859,12860,12861,
88,16,17,9,12858,
218,0,2,3,4,5,7,8,12,15,12852,12855,12856,12857,12859,12860,12861,
219,0,2,3,4,5,7,8,12,15,12852,12855,12856,12857,12859,12860,12861,
92,16,17,12853,9,10,12858,13,
222,16,17,12853,9,10,12858,13,
100,0,1,2,3,4,5,7,8,12,15,12852,12854,12855,12856,12857,12859,12860,12861,
101,0,1,2,3,4,5,7,8,12,15,12852,12854,12855,12856,12857,12859,12860,12861,
231,2,
104,0,1,2,3,4,5,7,8,12,15,12852,12854,12855,12856,12857,12859,12860,12861,
107,0,2,3,4,5,7,8,12,15,12852,12855,12856,12857,12859,12860,12861,
108,0,2,3,4,5,7,8,12,15,12852,12855,12856,12857,12859,12860,12861,
111,0,3,12857,
243,18,
117,18,
118,0,2,3,4,5,7,8,12,15,12852,12855,12856,12857,12859,12860,12861,
248,0,2,3,4,5,7,8,12,15,12852,12855,12856,12857,12859,12860,12861,
122,16,17,9,12858,
123,16,17,9,12858,
252,0,2,3,4,5,7,8,12,15,12852,12855,12856,12857,12859,12860,12861,
125,16,17,9,12858,
126,16,17,9,12858,
