0,0,2,3,4,5,7,8,12,15,12852,12855,12856,12857,12859,12860,12861,
260,16,17,9,12858,
5,0,1,2,3,4,5,7,8,12,15,12852,12854,12855,12856,12857,12859,12860,12861,
264,16,17,9,12858,
9,0,1,2,3,4,5,7,8,12,15,12852,12854,12855,12856,12857,12859,12860,12861,
10,0,2,3,4,5,7,8,12,15,12852,12855,12856,12857,12859,12860,12861,
268,0,2,3,4,5,7,8,12,15,12852,12855,12856,12857,12859,12860,12861,
269,0,2,3,4,5,7,8,12,15,12852,12855,12856,12857,12859,12860,12861,
14,0,2,3,4,5,7,8,12,15,12852,12855,12856,12857,12859,12860,12861,
270,0,2,3,4,5,7,8,12,15,12852,12855,12856,12857,12859,12860,12861,
16,0,2,3,4,5,7,8,12,15,12852,12855,12856,12857,12859,12860,12861,
272,0,2,3,4,5,7,8,12,15,12852,12855,12856,12857,12859,12860,12861,
19,16,17,12853,9,10,12858,13,
21,16,17,9,12858,
22,16,17,9,12858,
25,16,17,9,12858,
26,16,17,9,12858,
28,16,17,9,12858,
29,0,2,3,4,5,7,8,12,15,12852,12855,12856,12857,12859,12860,12861,
30,0,2,3,4,5,7,8,12,15,12852,12855,12856,12857,12859,12860,12861,
32,0,2,3,4,5,7,8,12,15,12852,12855,12856,12857,12859,12860,12861,
34,0,2,3,4,5,7,8,12,15,12852,12855,12856,12857,12859,12860,12861,
39,0,2,3,4,5,7,8,12,15,12852,12855,12856,12857,12859,12860,12861,
43,0,2,3,4,5,7,8,12,15,12852,12855,12856,12857,12859,12860,12861,
45,0,2,3,4,5,7,8,12,15,12852,12855,12856,12857,12859,12860,12861,
47,16,17,9,12858,
49,16,17,9,12858,
52,0,2,3,4,5,7,8,12,15,12852,12855,12856,12857,12859,12860,12861,
56,16,17,12853,9,12858,10,13,
58,16,17,9,12858,
60,0,2,3,4,5,7,8,12,15,12852,12855,12856,12857,12859,12860,12861,
61,0,1,2,3,4,5,7,8,12,15,12852,12854,12855,12856,12857,12859,12860,12861,
62,0,2,3,4,5,7,8,12,15,12852,12855,12856,12857,12859,12860,12861,
66,16,17,9,12858,
69,0,2,3,4,5,7,8,12,15,12852,12855,12856,12857,12859,12860,12861,
70,0,1,2,3,4,5,7,8,12,15,12852,12854,12855,12856,12857,12859,12860,12861,
78,0,2,3,4,5,7,8,12,15,12852,12855,12856,12857,12859,12860,12861,
79,16,17,9,12858,
82,0,2,3,4,5,7,8,12,15,12852,12855,12856,12857,12859,12860,12861,
86,0,1,2,3,4,5,7,8,12,15,12852,12854,12855,12856,12857,12859,12860,12861,
88,16,17,9,12858,
89,16,17,9,12858,
94,0,2,3,4,5,7,8,12,15,12852,12855,12856,12857,12859,12860,12861,
96,16,17,12853,9,10,12858,13,
97,0,2,3,4,5,7,8,12,15,12852,12855,12856,12857,12859,12860,12861,
98,16,17,9,12858,
100,16,17,9,12858,
107,0,2,3,4,5,7,8,12,15,12852,12855,12856,12857,12859,12860,12861,
108,0,2,3,4,5,7,8,12,15,12852,12855,12856,12857,12859,12860,12861,
114,9,
116,0,2,3,4,5,7,8,12,15,12852,12855,12856,12857,12859,12860,12861,
122,16,17,9,12858,
123,16,17,9,12858,
124,0,2,3,4,5,7,8,12,15,12852,12855,12856,12857,12859,12860,12861,
125,0,2,3,4,5,7,8,12,15,12852,12855,12856,12857,12859,12860,12861,
130,16,17,9,12858,
133,16,17,12853,9,12858,10,13,
134,16,17,12853,9,12858,10,13,
138,16,17,9,12858,
146,16,17,9,12858,
149,0,2,3,4,5,7,8,12,15,12852,12855,12856,12857,12859,12860,12861,
152,16,17,9,12858,
153,16,17,9,12858,
155,16,17,9,12858,
161,0,2,3,4,5,7,8,12,15,12852,12855,12856,12857,12859,12860,12861,
164,16,17,9,12858,
166,0,2,3,4,5,7,8,12,15,12852,12855,12856,12857,12859,12860,12861,
174,16,17,9,12858,
177,0,1,2,3,4,5,7,8,12,15,12852,12854,12855,12856,12857,12859,12860,12861,
179,0,2,3,4,5,7,8,12,15,12852,12855,12856,12857,12859,12860,12861,
182,16,17,12853,9,10,12858,13,
183,0,2,3,4,5,7,8,12,15,12852,12855,12856,12857,12859,12860,12861,
185,0,2,3,4,5,7,8,12,15,12852,12855,12856,12857,12859,12860,12861,
186,0,2,3,4,5,7,8,12,15,12852,12855,12856,12857,12859,12860,12861,
188,16,17,9,12858,
191,16,17,9,12858,
195,0,2,3,4,5,7,8,12,15,12852,12855,12856,12857,12859,12860,12861,
196,0,2,3,4,5,7,8,12,15,12852,12855,12856,12857,12859,12860,12861,
198,0,2,3,4,5,7,8,12,15,12852,12855,12856,12857,12859,12860,12861,
199,16,17,9,12858,
200,0,1,2,3,4,5,7,8,12,15,12852,12854,12855,12856,12857,12859,12860,12861,
206,0,2,3,4,5,7,8,12,15,12852,12855,12856,12857,12859,12860,12861,
209,16,17,9,12858,
210,16,17,12853,9,10,12858,13,
211,16,17,12853,9,12858,10,13,
214,0,2,3,4,5,7,8,12,15,12852,12855,12856,12857,12859,12860,12861,
215,0,2,3,4,5,7,8,12,15,12852,12855,12856,12857,12859,12860,12861,
216,16,17,12853,9,12858,10,13,
218,16,17,12853,9,10,12858,13,
219,16,17,12853,9,10,12858,13,
227,0,2,3,4,5,7,8,12,15,12852,12855,12856,12857,12859,12860,12861,
230,0,2,3,4,5,7,8,12,15,12852,12855,12856,12857,12859,12860,12861,
236,16,17,12853,9,10,12858,13,
237,16,17,12853,9,12858,10,13,
238,16,17,9,12858,
241,16,17,9,12858,
242,16,17,9,12858,
245,16,17,9,12858,
248,0,2,3,4,5,7,8,12,15,12852,12855,12856,12857,12859,12860,12861,
250,0,
251,16,17,9,12858,
