12860,8,
12861,0,2,3,4,5,7,8,12857,12860,15,
12859,0,2,3,4,5,7,8,12857,12860,15,
15,8,
12855,0,2,3,4,5,7,8,12857,12860,15,
17,16,9,12858,
12852,0,2,3,4,5,7,8,12857,12860,15,
12857,0,
6,14,
16,17,9,12858,
13,16,17,9,12858,
10,16,17,9,12858,
12854,0,2,3,4,5,7,8,12,15,12852,12855,12856,12857,12859,12860,12861,
12,0,2,3,4,5,7,8,12857,12860,15,
12853,16,17,9,12858,
12858,16,17,9,
3,0,
1,0,2,3,4,5,7,8,12,15,12852,12855,12856,12857,12859,12860,12861,
12856,0,2,3,4,5,7,8,12857,12860,15,
