12860,1,12852,12854,12855,12856,12859,12,12861,
12861,1,12854,
16,17,12853,12858,10,13,
0,1,3,12852,12854,12855,12856,12857,12859,12,12861,
12,1,12854,
12855,1,12854,
9,16,17,12853,12858,10,13,
7,1,12852,12854,12855,12856,12859,12,12861,
3,1,12852,12854,12855,12856,12859,12,12861,
4,1,12852,12854,12855,12856,12859,12,12861,
12856,1,12854,
2,1,12852,12854,12855,12856,12859,12,12861,
12859,1,12854,
15,1,12852,12854,12855,12856,12859,12,12861,
12852,1,12854,
12858,16,17,12853,10,13,
17,16,12853,12858,10,13,
12857,1,12852,12854,12855,12856,12859,12,12861,
8,1,12852,12854,12855,12856,12859,12,12860,12861,15,
5,1,12852,12854,12855,12856,12859,12,12861,
14,6,
