95
204
156
101
223
163
40
125
149
58
59
226
232
120
22
147
188
213
110
98
71
172
151
260
77
227
26
254
224
207
111
130
90
94
14
231
187
267
175
29
16
181
183
247
198
178
78
222
264
85
70
132
215
251
157
266
86
84
123
56
270
134
179
202
137
242
80
171
265
7
122
189
214
36
240
173
76
150
237
32
67
9
230
191
115
6
100
41
46
43
259
109
166
27
105
217
221
186
42
162
197
74
34
116
229
31
206
4
38
127
61
119
256
21
201
184
63
87
118
83
154
2
133
128
30
54
138
244
33
148
91
45
60
8
17
228
236
233
55
64
152
126
5
47
235
35
253
209
262
81
158
88
15
271
103
69
44
39
108
194
218
89
51
243
72
155
160
205
145
65
252
255
3
199
25
182
219
263
200
169
96
107
129
24
57
210
13
143
239
93
258
18
168
250
211
62
268
193
82
234
144
153
19
121
165
261
196
159
164
10
208
192
170
99
124
212
167
146
195
203
92
220
28
73
185
176
79
75
161
238
37
269
139
102
20
257
66
113
49
