1007,1024,1025,1026,1027,1028,1029,1030,1031,1032,1033,1034,1035,1036,1037,1038,1039,1040,1041,1042,1043,1044,1045,1047,1048,1049,1050,1051,1052,1053,1054,1055,1056,1057,1058,1059,1061,1062,1066,1067,1068,1069,1070,1071,922,923,924,925,926,927,928,929,930,932,933,934,935,936,937,938,939,940,941,943,944,945,946,947,948,949,950,951,952,954,955,956,957,958,959,960,961,962,963,964,965,966,967,968,969,970,971,972,973,974,976,977,978,979,980,981,982,983,984,985,986,987,988,989,990,991,992,994,995,996,997,998,999,1000,1001,1002,1003,1004,1005,1006,1008,1009,1010,1011,1012,1013,1014,1015,1016,1017,1018,1019,1020,1021,1022,1023,
966,1025,1026,1027,1028,1029,1030,1031,1032,1033,1034,1035,1036,1037,1038,1039,1040,1041,1042,1043,1044,1045,1047,1048,1049,1050,1051,1052,1053,1054,1055,1056,1057,1058,1059,1061,1066,1067,1068,1069,1070,1071,922,925,926,927,928,929,930,932,933,934,935,936,937,938,939,940,941,943,944,945,946,947,948,949,950,951,952,953,954,955,956,957,958,959,960,962,963,964,965,967,968,969,970,971,972,973,974,977,978,979,980,981,982,983,984,985,986,987,988,989,990,991,992,993,994,995,996,997,998,1000,1001,1002,1003,1004,1005,1006,1007,1008,1009,1010,1011,1012,1015,
947,1024,1025,1026,1027,1028,1029,1030,1031,1032,1033,1034,1035,1036,1037,1038,1039,1040,1041,1042,1043,1044,1045,1047,1048,1049,1051,1052,1053,1054,1055,1056,1057,1058,1059,1061,1062,1067,1068,1069,1070,1071,922,923,924,925,926,927,928,929,930,932,933,934,935,936,937,938,939,940,941,943,944,945,946,948,949,950,951,952,953,954,955,956,957,958,959,960,961,962,963,964,965,966,967,968,969,970,971,972,973,974,976,977,979,980,981,982,983,984,985,986,987,988,990,991,992,994,995,996,997,998,999,1000,1001,1002,1003,1004,1005,1006,1007,1008,1009,1010,1011,1012,1013,1014,1015,1016,1017,1018,1019,1020,1021,1022,1023,
1046,1025,1026,1029,1030,1031,1038,1039,1040,1042,1043,1044,1047,1048,1049,922,1052,1053,926,1054,1055,929,937,1068,941,1071,946,951,952,954,956,958,959,960,962,968,969,973,974,982,983,984,985,987,988,992,995,997,1004,1005,1006,1008,1012,
1016,1024,1025,1026,1028,1029,1030,1031,1032,1033,1035,1036,1037,1038,1039,1040,1042,1043,1044,1045,1047,1048,1049,1050,1051,1052,1053,1054,1055,1056,1057,1058,1059,1066,1067,1068,1069,1070,1071,922,925,926,927,928,929,930,933,934,937,938,939,940,941,943,944,945,946,947,948,949,950,951,952,953,954,955,956,957,958,959,960,962,963,965,967,968,969,970,972,973,974,977,978,979,980,981,982,983,984,985,986,987,988,989,990,991,992,993,994,995,996,997,998,1000,1001,1003,1004,1005,1006,1007,1008,1009,1010,1011,1012,1014,1015,1017,1019,1020,1021,1022,1023,
1056,1024,1025,1026,1027,1028,1029,1030,1031,1032,1033,1034,1035,1036,1037,1038,1039,1040,1041,1042,1043,1044,1045,1047,1048,1049,1050,1051,1052,1053,1054,1055,1057,1058,1059,1061,1062,1064,1066,1067,1068,1069,1070,1071,922,923,924,926,927,928,929,930,932,933,934,935,936,937,938,939,940,941,943,944,945,946,947,948,949,950,951,952,953,954,955,956,957,958,959,960,961,962,963,964,965,966,967,968,969,970,971,972,973,974,976,977,978,980,982,983,984,985,986,987,988,989,990,991,992,994,995,996,997,998,999,1000,1001,1002,1003,1004,1005,1006,1007,1008,1009,1010,1011,1012,1013,1014,1015,1016,1017,1018,1019,1020,1021,1022,1023,
1017,1024,1025,1026,1028,1029,1030,1031,1032,1033,1035,1036,1037,1038,1039,1040,1042,1043,1044,1045,1047,1048,1049,1050,1051,1052,1053,1054,1055,1056,1057,1058,1059,1066,1067,1068,1069,1070,1071,922,925,926,927,928,929,930,933,934,937,938,939,940,941,943,944,945,946,947,948,949,950,951,952,953,954,955,956,957,958,959,960,962,963,965,967,968,969,970,972,973,974,977,978,979,980,981,982,983,984,985,986,987,988,989,990,991,992,993,994,995,996,997,998,1000,1001,1003,1004,1005,1006,1007,1008,1009,1010,1011,1012,1014,1015,1016,1019,1020,1021,1022,1023,
1015,1024,1025,1026,1027,1028,1029,1030,1031,1033,1034,1035,1036,1037,1038,1039,1040,1041,1042,1043,1044,1045,1047,1048,1049,1050,1051,1052,1053,1054,1055,1056,1057,1058,1059,1061,1062,1064,1066,1067,1068,1069,1070,1071,922,923,924,925,926,927,928,929,930,932,933,934,935,936,937,938,939,940,941,943,944,945,946,947,948,949,950,951,952,953,954,955,956,957,958,959,960,961,962,963,964,965,966,967,968,969,970,971,972,973,974,976,977,978,979,980,981,982,983,984,985,986,987,988,989,990,991,992,994,995,996,997,998,999,1000,1001,1002,1003,1004,1005,1006,1007,1008,1009,1010,1011,1012,1013,1014,1016,1017,1018,1019,1020,1021,1022,1023,
1018,1025,1026,1029,1030,1031,1032,1033,1035,1036,1037,1038,1039,1040,1042,1043,1044,1045,1047,1048,1049,1050,1051,1052,1053,1054,1055,1056,1057,1058,1059,1066,1067,1068,1069,1070,1071,922,925,926,927,928,929,930,933,934,937,938,939,940,941,943,944,945,946,947,948,949,950,951,952,953,954,955,956,957,958,959,960,962,963,965,967,968,969,970,972,973,974,977,978,979,980,981,982,983,984,985,986,987,988,989,990,991,992,993,994,995,996,997,998,1000,1001,1003,1004,1005,1006,1007,1008,1009,1010,1011,1012,1015,
937,1024,1026,1027,1028,1029,1030,1033,1034,1037,1041,1045,1046,1047,1048,1050,1051,1052,1056,1058,1059,1060,1061,1066,1067,1068,1069,922,923,925,927,928,930,931,932,933,934,935,936,938,941,942,943,945,947,948,950,951,952,953,954,955,956,957,961,962,963,964,965,966,968,969,970,971,972,973,974,976,977,978,979,980,981,982,985,986,989,990,991,994,996,998,999,1000,1001,1002,1003,1007,1009,1010,1013,1014,1015,1016,1017,1018,1019,1020,1021,1022,1023,
1062,1025,1029,1032,1033,1035,1036,1037,1038,1039,1040,1042,1044,1045,1048,1049,1050,1051,925,926,1054,927,1056,928,1057,1058,930,1059,933,934,1063,1064,938,1066,939,1067,940,1069,1070,943,944,945,947,948,949,950,951,953,955,957,958,959,960,962,963,965,967,968,970,972,977,978,979,980,981,985,986,987,988,989,990,991,993,994,995,996,998,1000,1001,1003,1004,1005,1007,1008,1009,1010,1011,1012,1015,
1049,1024,1025,1026,1027,1028,1029,1030,1031,1032,1033,1034,1037,1038,1039,1040,1041,1042,1043,1044,1045,1046,1047,1048,1050,1051,1052,1053,1054,1055,1056,1057,1058,1059,1060,1061,1062,1063,1066,1067,1068,1069,1071,922,923,925,926,927,928,929,930,931,932,933,934,935,936,938,940,941,942,943,945,946,947,948,950,951,952,953,954,955,956,957,958,961,962,963,964,965,966,968,969,970,971,972,973,974,976,977,978,979,980,981,982,984,985,986,987,988,989,990,991,992,993,994,995,996,998,999,1000,1001,1002,1003,1004,1005,1006,1007,1008,1009,1010,1012,1013,1014,1015,1016,1017,1018,1019,1020,1021,1022,1023,
1042,1024,1025,1026,1027,1028,1029,1030,1032,1033,1034,1037,1038,1039,1040,1041,1044,1045,1046,1047,1048,1049,1050,1051,1052,1053,1054,1056,1057,1058,1059,1060,1061,1062,1063,1066,1067,1068,1069,922,923,925,926,927,928,930,931,932,933,934,935,936,938,940,941,942,943,945,946,947,948,950,951,952,953,954,955,956,957,958,961,962,963,964,965,966,968,969,970,971,972,973,974,976,977,978,979,980,981,982,984,986,987,988,989,990,991,992,993,994,995,996,998,999,1000,1001,1002,1003,1004,1005,1006,1007,1008,1009,1010,1012,1013,1014,1015,1016,1017,1018,1019,1020,1021,1022,1023,
925,1024,1025,1026,1027,1028,1029,1030,1031,1032,1033,1034,1035,1036,1038,1039,1040,1041,1042,1043,1044,1045,1047,1048,1049,1050,1051,1052,1053,1054,1055,1057,1058,1061,1062,1066,1067,1068,1070,1071,922,923,926,929,932,933,935,936,937,938,939,940,941,943,944,945,946,947,949,951,952,953,954,955,956,957,958,959,960,961,962,963,964,966,967,968,969,971,972,973,974,976,978,981,982,983,984,985,987,988,989,992,994,995,997,998,999,1002,1004,1005,1006,1007,1008,1009,1010,1011,1012,1013,1014,1015,1016,1017,1018,1019,1020,1021,1022,1023,
1066,1024,1025,1026,1027,1028,1029,1030,1031,1032,1033,1034,1035,1036,1037,1038,1039,1040,1041,1042,1043,1044,1045,1047,1048,1049,1050,1051,1052,1053,1054,1055,1056,1057,1058,1059,1061,1062,1067,1068,1069,1070,1071,922,923,924,925,926,927,928,929,930,932,933,934,935,936,937,938,939,940,941,943,944,946,948,949,950,951,952,953,954,955,956,957,958,959,960,961,962,963,964,965,966,967,968,969,970,971,972,973,974,976,977,978,979,980,981,982,983,984,985,986,987,988,990,991,992,995,996,997,998,999,1000,1001,1002,1003,1004,1005,1006,1007,1008,1009,1010,1011,1012,1013,1014,1015,1016,1017,1018,1019,1020,1021,1022,1023,
992,1024,1025,1026,1027,1028,1029,1030,1032,1033,1034,1037,1038,1039,1040,1041,1042,1044,1045,1046,1047,1048,1049,1050,1051,1052,1053,1054,1056,1057,1058,1059,1060,1061,1063,1066,1067,1068,1069,922,923,925,926,927,928,930,931,932,933,934,935,936,938,940,941,942,943,945,947,948,950,951,952,953,954,955,956,957,958,959,960,961,963,964,965,966,969,970,971,972,973,974,976,977,978,979,980,981,982,986,987,988,989,990,991,993,994,995,996,998,999,1000,1001,1002,1003,1004,1005,1006,1007,1008,1009,1010,1013,1014,1015,1016,1017,1018,1019,1020,1021,1022,1023,
977,1024,1025,1026,1027,1028,1029,1030,1031,1032,1033,1034,1035,1036,1037,1038,1039,1040,1041,1042,1043,1044,1045,1047,1048,1049,1050,1051,1052,1053,1054,1055,1056,1057,1058,1060,1061,1062,1063,1064,1065,1066,1067,1068,1069,1070,1071,922,923,926,927,929,930,931,932,933,934,935,936,937,938,939,940,941,942,943,944,945,946,947,948,949,950,951,952,953,954,955,956,957,958,959,960,961,962,963,964,965,966,967,968,969,970,971,972,973,974,976,978,979,980,981,982,983,984,985,986,987,988,989,990,991,992,994,995,996,997,998,999,1000,1001,1002,1003,1004,1005,1006,1007,1008,1009,1010,1011,1012,1013,1014,1015,1016,1017,1018,1019,1020,1021,1022,1023,
965,1024,1025,1026,1027,1028,1029,1030,1031,1032,1033,1034,1035,1036,1037,1038,1039,1040,1041,1042,1043,1044,1045,1047,1048,1049,1050,1051,1052,1053,1054,1055,1056,1057,1058,1059,1061,1062,1064,1066,1067,1068,1069,1070,1071,922,923,924,926,927,928,929,930,932,933,934,935,936,937,938,939,940,941,943,944,945,946,947,949,950,951,952,953,954,955,956,957,958,959,960,961,962,963,964,966,967,968,969,970,971,972,973,974,976,977,978,980,982,983,984,985,986,987,988,989,990,991,992,994,995,996,997,998,999,1000,1001,1002,1003,1004,1005,1006,1007,1008,1009,1010,1011,1012,1013,1014,1015,1016,1017,1018,1019,1020,1021,1022,1023,
999,1025,1026,1029,1030,1031,1032,1033,1035,1036,1037,1038,1039,1040,1042,1043,1044,1045,1047,1048,1049,1050,1051,1052,1053,1054,1055,1056,1057,1058,1059,1066,1067,1068,1069,1070,1071,922,925,926,927,928,929,930,933,934,937,938,939,940,941,943,944,945,946,947,948,949,950,951,952,953,954,955,956,957,958,959,960,962,963,965,967,968,969,970,972,973,974,976,977,978,979,980,981,982,983,984,985,986,987,988,989,990,991,992,993,994,995,996,997,998,1000,1001,1003,1004,1005,1006,1007,1008,1009,1010,1011,1012,1015,
944,1024,1027,1028,1029,1030,1032,1033,1034,1035,1036,1037,1041,1045,1047,1048,1050,1051,1052,1056,1057,1058,1059,1061,1062,1063,1064,1065,1066,1067,1069,1070,922,923,925,927,928,930,932,933,934,935,936,938,939,940,941,943,945,947,948,949,950,951,952,953,954,955,956,957,960,961,962,963,964,965,966,968,969,970,971,972,973,974,976,977,978,979,980,981,982,985,986,989,990,991,993,994,996,998,999,1000,1001,1002,1003,1007,1009,1010,1013,1014,1015,1016,1017,1018,1019,1020,1021,1022,1023,
1032,1024,1025,1026,1027,1028,1029,1030,1031,1033,1034,1035,1036,1037,1038,1039,1040,1041,1042,1043,1044,1047,1048,1049,1050,1051,1053,1054,1056,1058,1059,1061,1062,1066,1068,1069,1070,1071,922,923,924,925,926,927,928,929,930,932,933,934,935,936,939,941,943,944,945,946,947,948,949,950,951,953,954,955,956,957,958,959,960,961,962,963,964,965,966,967,968,969,970,971,973,974,976,977,978,979,980,981,983,984,985,986,987,988,989,990,991,992,994,995,996,998,999,1000,1001,1002,1003,1004,1005,1006,1007,1008,1009,1010,1011,1012,1013,1014,1016,1017,1018,1019,1020,1021,1022,1023,
922,1024,1025,1026,1027,1028,1029,1031,1032,1033,1034,1035,1036,1037,1038,1039,1040,1041,1042,1043,1044,1045,1046,1047,1048,1049,1050,1051,1052,1053,1054,1055,1056,1057,1058,1059,1060,1061,1063,1064,1066,1067,1068,1069,1070,1071,923,924,925,926,927,928,929,930,931,932,933,934,935,936,937,938,939,940,941,942,943,944,945,946,947,948,949,950,951,952,953,954,955,956,957,958,959,960,961,962,963,964,965,966,967,968,969,970,971,972,974,976,977,978,979,980,981,982,983,984,985,986,987,988,989,990,991,992,993,994,995,996,997,998,999,1000,1001,1002,1003,1004,1005,1006,1007,1008,1009,1010,1011,1012,1013,1014,1015,1016,1017,1018,1019,1020,1021,1022,1023,
989,1024,1025,1026,1027,1028,1029,1030,1031,1032,1033,1034,1035,1036,1037,1038,1039,1040,1041,1042,1043,1044,1045,1047,1048,1049,1051,1052,1053,1054,1055,1056,1057,1058,1059,1061,1062,1067,1068,1069,1070,1071,922,923,924,925,926,927,928,929,930,932,933,934,935,936,937,938,939,940,941,943,944,946,948,949,950,951,952,953,954,955,956,957,958,959,960,961,962,963,964,965,966,967,968,969,970,971,972,973,974,976,977,979,980,981,982,983,984,985,986,987,988,990,991,992,995,996,997,998,999,1000,1001,1002,1003,1004,1005,1006,1007,1008,1009,1010,1011,1012,1013,1014,1015,1016,1017,1018,1019,1020,1021,1022,1023,
948,1024,1025,1026,1027,1028,1029,1030,1031,1032,1033,1034,1035,1036,1037,1038,1039,1040,1041,1042,1043,1044,1045,1047,1048,1049,1050,1051,1052,1053,1054,1055,1056,1057,1058,1059,1061,1062,1064,1066,1067,1068,1070,1071,922,923,924,926,927,928,929,930,932,933,934,935,936,937,938,939,940,941,943,944,945,946,947,949,950,951,952,953,954,955,956,957,958,959,960,961,962,963,964,966,967,968,969,970,971,972,973,974,976,977,978,980,982,983,984,985,986,987,988,989,990,991,992,994,995,996,997,998,999,1000,1001,1002,1003,1004,1005,1006,1007,1008,1009,1010,1011,1012,1013,1014,1015,1016,1017,1018,1019,1020,1021,1022,1023,
1047,1024,1025,1026,1027,1028,1029,1030,1031,1032,1033,1034,1035,1036,1037,1038,1039,1040,1041,1042,1043,1044,1045,1046,1048,1049,1050,1051,1053,1054,1055,1056,1057,1058,1059,1060,1061,1063,1064,1066,1067,1068,1069,1070,1071,922,923,924,925,926,927,928,929,930,931,932,933,934,935,936,937,938,939,940,941,942,943,944,945,946,947,948,949,950,951,953,954,955,956,957,958,959,960,961,962,963,964,965,966,967,968,969,970,971,972,973,976,977,978,979,980,981,983,984,985,986,987,988,989,990,991,992,993,994,995,996,997,998,999,1000,1001,1002,1003,1004,1005,1006,1007,1008,1009,1010,1011,1012,1013,1014,1015,1016,1017,1018,1019,1020,1021,1022,1023,
1025,1024,1026,1027,1028,1029,1030,1032,1033,1034,1037,1038,1039,1040,1041,1042,1044,1045,1046,1047,1048,1049,1050,1051,1052,1053,1054,1056,1057,1058,1059,1060,1061,1062,1063,1066,1067,1068,1069,922,923,925,926,927,928,930,931,932,933,934,935,936,938,940,941,942,943,945,946,947,948,950,951,952,953,954,955,956,957,958,961,962,963,964,965,966,968,969,970,971,972,973,974,976,977,978,979,980,981,982,984,986,987,988,989,990,991,992,993,994,995,996,998,999,1000,1001,1002,1003,1004,1005,1006,1007,1008,1009,1010,1012,1013,1014,1015,1016,1017,1018,1019,1020,1021,1022,1023,
971,1025,1026,1027,1028,1029,1030,1031,1032,1033,1035,1036,1037,1038,1039,1040,1041,1042,1043,1044,1045,1047,1048,1049,1050,1051,1052,1053,1054,1055,1056,1057,1058,1059,1061,1066,1067,1068,1069,1070,1071,922,925,926,927,928,929,930,932,933,934,935,936,937,938,939,940,941,943,944,945,946,947,948,949,950,951,952,953,954,955,956,957,958,959,960,961,962,963,964,965,966,967,968,969,970,972,973,974,977,978,979,980,981,982,983,984,985,986,987,988,989,990,991,992,993,994,995,996,997,998,1000,1001,1002,1003,1004,1005,1006,1007,1008,1009,1010,1011,1012,1015,
957,1024,1025,1026,1027,1028,1029,1030,1031,1032,1033,1034,1035,1036,1037,1038,1039,1040,1041,1042,1043,1044,1045,1047,1048,1049,1050,1051,1052,1053,1054,1055,1056,1057,1058,1059,1061,1062,1066,1067,1068,1069,1070,1071,922,923,924,925,926,927,928,929,930,932,933,934,935,936,937,938,939,940,941,943,944,945,946,947,948,949,950,951,952,954,955,956,958,959,960,961,962,963,964,965,966,967,968,969,970,971,972,973,974,976,977,978,979,980,981,982,983,984,985,986,987,988,989,990,991,992,994,995,996,997,998,999,1000,1001,1002,1003,1004,1005,1006,1007,1008,1009,1010,1011,1012,1013,1014,1015,1016,1017,1018,1019,1020,1021,1022,1023,
939,1024,1027,1028,1029,1030,1032,1033,1034,1035,1036,1037,1041,1045,1047,1048,1050,1051,1052,1056,1057,1058,1059,1061,1062,1063,1064,1065,1066,1067,1069,1070,922,923,925,927,928,930,932,933,934,935,936,938,940,941,943,944,945,947,948,949,950,951,952,953,954,955,956,957,960,961,962,963,964,965,966,968,969,970,971,972,973,974,976,977,978,979,980,981,982,985,986,989,990,991,993,994,996,998,999,1000,1001,1002,1003,1007,1009,1010,1013,1014,1015,1016,1017,1018,1019,1020,1021,1022,1023,
1055,1024,1026,1027,1028,1029,1030,1033,1034,1037,1041,1043,1045,1046,1047,1048,1049,1050,1051,1052,1056,1058,1059,1060,1061,1066,1067,1068,1069,1071,922,923,925,927,928,929,930,931,932,933,934,935,936,938,941,942,943,945,947,948,950,951,952,953,954,955,956,957,961,962,963,964,965,966,968,969,970,971,972,973,974,976,977,978,979,980,981,982,985,986,989,990,991,994,996,998,999,1000,1001,1002,1003,1004,1006,1007,1008,1009,1010,1012,1013,1014,1015,1016,1017,1018,1019,1020,1021,1022,1023,
985,1024,1026,1027,1028,1029,1030,1031,1032,1033,1034,1035,1036,1037,1041,1043,1045,1046,1047,1048,1049,1050,1051,1052,1053,1055,1056,1057,1058,1059,1060,1061,1062,1063,1066,1067,1068,1069,1070,1071,922,923,925,927,928,929,930,931,932,933,934,935,936,937,938,939,940,941,942,943,944,945,946,947,948,949,950,951,952,953,954,955,956,957,960,961,963,964,965,966,967,969,970,971,972,973,974,976,977,978,979,980,981,982,986,989,990,991,993,994,996,998,999,1000,1001,1002,1003,1004,1006,1007,1008,1009,1010,1012,1013,1014,1015,1016,1017,1018,1019,1020,1021,1022,1023,
997,1024,1027,1028,1030,1033,1034,1037,1041,1045,1046,1047,1048,1050,922,1051,923,1052,925,927,1056,928,930,1058,931,1059,1060,932,933,1061,934,935,936,1066,938,1067,941,1069,942,943,945,947,948,950,952,953,954,955,956,957,961,963,964,965,966,969,970,971,972,973,974,976,977,978,979,980,981,982,986,989,990,991,994,996,998,999,1000,1001,1002,1003,1007,1009,1010,1013,1014,1015,1016,1017,1018,1019,1020,1021,1022,1023,
978,1024,1025,1026,1027,1028,1029,1030,1031,1032,1033,1034,1035,1036,1037,1038,1039,1040,1041,1042,1043,1044,1045,1047,1048,1049,1050,1051,1052,1053,1054,1055,1056,1057,1058,1059,1061,1062,1066,1067,1068,1069,1070,1071,922,923,924,925,926,927,928,929,930,932,933,934,935,936,937,938,939,940,941,943,944,946,948,949,950,951,952,953,954,955,956,957,958,959,960,961,962,963,964,965,966,967,968,969,970,971,972,973,974,976,977,979,980,981,982,983,984,985,986,987,988,990,991,992,995,996,997,998,999,1000,1001,1002,1003,1004,1005,1006,1007,1008,1009,1010,1011,1012,1013,1014,1015,1016,1017,1018,1019,1020,1021,1022,1023,
934,1024,1025,1026,1027,1028,1029,1030,1031,1032,1033,1034,1035,1036,1037,1038,1039,1040,1041,1042,1043,1044,1045,1047,1048,1049,1050,1051,1052,1053,1054,1055,1056,1057,1058,1059,1060,1061,1062,1063,1064,1065,1066,1067,1068,1069,1070,1071,922,923,926,927,929,931,932,933,935,936,937,938,939,940,941,942,943,944,945,946,947,948,949,950,951,952,953,954,955,956,957,958,959,960,961,962,963,964,965,966,967,968,969,971,972,973,974,976,977,978,979,980,981,982,983,984,985,986,987,988,989,992,994,995,996,997,998,999,1000,1001,1002,1003,1004,1005,1006,1007,1008,1009,1010,1011,1012,1013,1014,1015,1016,1017,1018,1019,1020,1021,1022,1023,
983,1024,1027,1028,1030,1032,1034,1037,1041,1045,1046,1047,1050,922,1051,923,1052,925,927,1056,928,1057,930,1058,931,1059,1060,932,933,1061,934,935,1063,936,1066,938,1067,940,941,1069,942,943,945,947,948,950,952,953,954,955,956,957,961,963,964,965,966,969,970,971,972,973,974,976,977,978,979,980,981,982,986,989,990,991,993,994,996,998,999,1000,1001,1002,1003,1007,1009,1010,1013,1014,1015,1016,1017,1018,1019,1020,1021,1022,1023,
993,1024,1025,1026,1027,1028,1029,1030,1031,1033,1034,1035,1036,1038,1039,1040,1041,1042,1043,1044,1047,1048,1049,922,923,1053,926,1054,929,932,1061,1062,935,936,939,1068,941,1070,1071,944,946,949,951,954,956,958,959,960,961,962,964,966,967,968,969,971,973,974,976,983,984,985,987,988,992,995,999,1002,1004,1005,1006,1008,1011,1012,1013,1014,1016,1017,1018,1019,1020,1021,1022,1023,
1004,1024,1025,1026,1027,1028,1029,1030,1031,1032,1033,1034,1037,1038,1039,1040,1041,1042,1043,1044,1045,1046,1047,1048,1049,1050,1051,1052,1053,1054,1055,1056,1057,1058,1059,1060,1061,1062,1063,1066,1067,1068,1069,1071,922,923,925,926,927,928,929,930,931,932,933,934,935,936,938,940,941,942,943,945,946,947,948,950,951,952,953,954,955,956,957,958,961,962,963,964,965,966,968,969,970,971,972,973,974,976,977,978,979,980,981,982,984,985,986,987,988,989,990,991,992,993,994,995,996,998,999,1000,1001,1002,1003,1005,1006,1007,1008,1009,1010,1012,1013,1014,1015,1016,1017,1018,1019,1020,1021,1022,1023,
1013,1025,1026,1029,1030,1031,1032,1033,1035,1036,1037,1038,1039,1040,1042,1043,1044,1045,1047,1048,1049,1050,1051,1052,1053,1054,1055,1056,1057,1058,1059,1066,1067,1068,1069,1070,1071,922,925,926,927,928,929,930,933,934,937,938,939,940,941,943,944,945,946,947,948,949,950,951,952,953,954,955,956,957,958,959,960,962,963,965,967,968,969,970,972,973,974,977,978,979,980,981,982,983,984,985,986,987,988,989,990,991,992,993,994,995,996,997,998,1000,1001,1003,1004,1005,1006,1007,1008,1009,1010,1011,1012,1015,
946,1024,1025,1026,1027,1028,1029,1030,1032,1033,1034,1037,1038,1039,1040,1041,1042,1044,1045,1046,1047,1048,1049,1050,1051,1052,1053,1054,1056,1057,1058,1059,1060,1061,1066,1067,1068,1069,922,923,925,926,927,928,930,931,932,933,934,935,936,938,940,941,942,943,945,947,948,950,951,952,953,954,955,956,957,958,959,960,961,962,963,964,965,966,968,969,970,971,972,973,974,976,977,978,979,980,981,982,985,986,987,988,989,990,991,993,994,995,996,998,999,1000,1001,1002,1003,1004,1005,1006,1007,1008,1009,1010,1013,1014,1015,1016,1017,1018,1019,1020,1021,1022,1023,
1012,1024,1025,1026,1027,1028,1029,1030,1031,1032,1033,1034,1037,1038,1039,1040,1041,1042,1043,1044,1045,1046,1047,1048,1049,1050,1051,1052,1054,1055,1056,1057,1058,1059,1060,1061,1062,1063,1066,1067,1068,1069,922,923,925,926,927,928,930,931,932,933,934,935,936,938,940,941,942,943,945,947,948,950,951,952,953,954,955,956,957,958,959,961,962,963,964,965,966,968,969,970,971,972,973,974,976,977,978,979,980,981,982,985,986,987,988,989,990,991,993,994,995,996,998,999,1000,1001,1002,1003,1004,1005,1006,1007,1008,1009,1010,1013,1014,1015,1016,1017,1018,1019,1020,1021,1022,1023,
1001,1024,1025,1026,1027,1028,1029,1030,1031,1032,1033,1034,1035,1036,1037,1038,1039,1040,1041,1042,1043,1044,1045,1047,1048,1049,1050,1051,1052,1053,1054,1055,1056,1057,1058,1059,1061,1062,1064,1066,1067,1068,1069,1070,1071,922,923,924,926,927,928,929,930,932,933,934,935,936,937,938,939,940,941,943,944,945,946,947,948,949,950,951,952,953,954,955,956,957,958,959,960,961,962,963,964,965,966,967,968,969,970,971,972,973,974,976,977,978,980,982,983,984,985,986,987,988,989,990,991,992,994,995,996,997,998,999,1000,1002,1003,1004,1005,1006,1007,1008,1009,1010,1011,1012,1013,1014,1015,1016,1017,1018,1019,1020,1021,1022,1023,
982,1024,1025,1026,1027,1028,1029,1030,1031,1033,1034,1035,1036,1037,1038,1039,1040,1041,1042,1043,1044,1046,1048,1049,1050,1051,1053,1054,1055,1056,1057,1058,1059,1060,1061,1063,1064,1066,1067,1068,1069,1070,1071,922,923,924,925,926,927,928,929,930,931,932,933,934,935,936,937,938,939,940,941,942,943,944,945,946,947,948,949,950,951,953,954,955,956,957,958,959,960,961,962,963,964,965,966,967,968,969,970,971,972,973,976,977,978,979,980,981,983,984,985,986,987,988,989,990,991,992,994,995,996,997,998,999,1000,1001,1002,1003,1004,1005,1006,1007,1008,1009,1010,1011,1012,1013,1014,1015,1016,1017,1018,1019,1020,1021,1022,1023,
1068,1024,1025,1026,1027,1028,1030,1031,1032,1033,1034,1037,1038,1039,1040,1041,1042,1043,1044,1045,1046,1047,1048,1049,1050,1051,1052,1053,1054,1055,1056,1057,1058,1059,1060,1061,1066,1067,1069,1071,922,923,925,926,927,928,929,930,931,932,933,934,935,936,937,938,940,941,942,943,945,946,947,948,950,952,953,954,955,956,957,958,959,960,961,962,963,964,965,966,968,969,970,971,972,973,974,976,977,978,979,980,981,982,984,985,986,987,988,989,990,991,992,993,994,995,996,998,999,1000,1001,1002,1003,1004,1005,1006,1007,1008,1009,1010,1012,1013,1014,1015,1016,1017,1018,1019,1020,1021,1022,1023,
979,1024,1025,1026,1027,1028,1029,1030,1031,1032,1033,1034,1035,1036,1037,1038,1039,1040,1041,1042,1043,1044,1045,1047,1048,1049,1050,1051,1052,1053,1054,1055,1057,1058,1059,1061,1062,1064,1066,1067,1068,1070,1071,922,923,924,926,927,928,929,930,932,933,934,935,936,937,938,939,940,941,944,945,946,947,949,950,951,952,953,954,955,956,957,958,959,960,961,962,963,964,966,967,968,969,970,971,972,973,974,976,977,978,982,983,984,985,987,988,989,990,991,992,994,995,997,998,999,1000,1002,1003,1004,1005,1006,1007,1008,1009,1010,1011,1012,1013,1014,1015,1016,1017,1018,1019,1020,1021,1022,1023,
926,1024,1025,1026,1027,1028,1029,1030,1032,1033,1034,1037,1038,1039,1040,1041,1042,1044,1045,1046,1047,1048,1049,1050,1051,1052,1053,1054,1056,1057,1058,1059,1060,1061,1062,1063,1066,1067,1068,1069,922,923,925,927,928,930,931,932,933,934,935,936,938,940,941,942,943,945,946,947,948,950,951,952,953,954,955,956,957,958,961,962,963,964,965,966,968,969,970,971,972,973,974,976,977,978,979,980,981,982,984,986,987,988,989,990,991,992,993,994,995,996,998,999,1000,1001,1002,1003,1004,1005,1006,1007,1008,1009,1010,1012,1013,1014,1015,1016,1017,1018,1019,1020,1021,1022,1023,
996,1024,1025,1026,1027,1028,1029,1030,1031,1032,1033,1034,1035,1036,1037,1038,1039,1040,1041,1042,1043,1044,1045,1047,1048,1049,1050,1051,1052,1053,1054,1055,1056,1057,1058,1059,1061,1062,1064,1066,1067,1068,1069,1070,1071,922,923,924,926,927,928,929,930,932,933,934,935,936,937,938,939,940,941,943,944,945,946,947,948,949,950,951,952,953,954,955,956,957,958,959,960,961,962,963,964,965,966,967,968,969,970,971,972,973,974,976,977,978,982,983,984,985,986,987,988,989,990,991,992,994,995,997,998,999,1000,1001,1002,1003,1004,1005,1006,1007,1008,1009,1010,1011,1012,1013,1014,1015,1016,1017,1018,1019,1020,1021,1022,1023,
1039,1024,1025,1026,1027,1028,1029,1030,1032,1033,1034,1037,1038,1040,1041,1042,1044,1045,1046,1047,1048,1049,1050,1051,1052,1053,1054,1056,1057,1058,1059,1060,1061,1062,1063,1066,1067,1068,1069,922,923,925,926,927,928,930,931,932,933,934,935,936,938,940,941,942,943,945,946,947,948,950,951,952,953,954,955,956,957,958,961,962,963,964,965,966,968,969,970,971,972,973,974,976,977,978,979,980,981,982,984,986,987,988,989,990,991,992,993,994,995,996,998,999,1000,1001,1002,1003,1004,1005,1006,1007,1008,1009,1010,1012,1013,1014,1015,1016,1017,1018,1019,1020,1021,1022,1023,
976,1025,1026,1029,1030,1031,1032,1033,1035,1036,1037,1038,1039,1040,1042,1043,1044,1045,1047,1048,1049,1050,1051,1052,1053,1054,1055,1056,1057,1058,1059,1066,1067,1068,1069,1070,1071,922,925,926,927,928,929,930,933,934,937,938,939,940,941,943,944,945,946,947,948,949,950,951,952,953,954,955,956,957,958,959,960,962,963,965,967,968,969,970,972,973,974,977,978,979,980,981,982,983,984,985,986,987,988,989,990,991,992,993,994,995,996,997,998,999,1000,1001,1003,1004,1005,1006,1007,1008,1009,1010,1011,1012,1015,
1058,1024,1025,1026,1027,1028,1029,1030,1031,1032,1033,1034,1035,1036,1037,1038,1039,1040,1041,1042,1043,1044,1045,1047,1048,1049,1050,1051,1052,1053,1054,1055,1056,1057,1059,1061,1062,1066,1067,1068,1069,1070,1071,922,923,924,925,926,927,928,929,930,932,933,934,935,936,937,938,939,940,941,943,944,945,946,947,948,949,950,951,952,954,955,956,957,958,959,960,961,962,963,964,965,966,967,968,969,970,971,972,973,974,976,977,978,979,980,981,982,983,984,985,986,987,988,989,990,991,992,994,995,996,997,998,999,1000,1001,1002,1003,1004,1005,1006,1007,1008,1009,1010,1011,1012,1013,1014,1015,1016,1017,1018,1019,1020,1021,1022,1023,
1034,1025,1026,1029,1030,1031,1032,1033,1035,1036,1037,1038,1039,1040,1042,1043,1044,1045,1047,1048,1049,1050,1051,1052,1053,1054,1055,1056,1057,1058,1059,1066,1067,1068,1069,1070,1071,922,925,926,927,928,929,930,933,934,936,937,938,939,940,941,943,944,945,946,947,948,949,950,951,952,953,954,955,956,957,958,959,960,962,963,965,966,967,968,969,970,972,973,974,977,978,979,980,981,982,983,984,985,986,987,988,989,990,991,992,993,994,995,996,997,998,1000,1001,1002,1003,1004,1005,1006,1007,1008,1009,1010,1011,1012,1015,
986,1024,1025,1026,1027,1028,1029,1030,1031,1032,1033,1034,1035,1036,1037,1038,1039,1040,1041,1042,1043,1044,1045,1047,1048,1049,1050,1051,1052,1053,1054,1055,1056,1057,1058,1059,1061,1062,1064,1066,1067,1068,1069,1070,1071,922,923,924,926,927,928,929,930,932,933,934,935,936,937,938,939,940,941,943,944,945,946,947,948,949,950,951,952,953,954,955,956,957,958,959,960,961,962,963,964,965,966,967,968,969,970,971,972,973,974,976,977,978,982,983,984,985,987,988,989,990,991,992,994,995,996,997,998,999,1000,1001,1002,1003,1004,1005,1006,1007,1008,1009,1010,1011,1012,1013,1014,1015,1016,1017,1018,1019,1020,1021,1022,1023,
1003,1024,1025,1026,1027,1028,1029,1030,1031,1032,1033,1034,1035,1036,1037,1038,1039,1040,1041,1042,1043,1044,1045,1047,1048,1049,1050,1051,1052,1053,1054,1055,1056,1057,1058,1059,1060,1061,1062,1063,1064,1065,1066,1067,1068,1069,1070,1071,922,923,926,927,929,930,931,932,933,934,935,936,937,938,939,940,941,942,943,944,945,946,947,948,949,950,951,952,953,954,955,956,957,958,959,960,961,962,963,964,965,966,967,968,969,970,971,972,973,974,976,977,978,979,980,981,982,983,984,985,986,987,988,989,990,992,994,995,996,997,998,999,1000,1001,1002,1004,1005,1006,1007,1008,1009,1010,1011,1012,1013,1014,1015,1016,1017,1018,1019,1020,1021,1022,1023,
1059,1024,1025,1026,1027,1028,1029,1030,1031,1032,1033,1034,1035,1036,1038,1039,1040,1041,1042,1043,1044,1045,1047,1048,1049,1050,1051,1052,1053,1054,1055,1056,1057,1058,1060,1061,1062,1063,1064,1065,1066,1067,1068,1069,1070,1071,922,923,926,929,930,931,932,933,934,935,936,937,938,939,940,941,942,943,944,945,946,947,948,949,951,952,953,954,955,956,957,958,959,960,961,962,963,964,965,966,967,968,969,970,971,972,973,974,976,978,979,980,981,982,983,984,985,986,987,988,989,990,991,992,994,995,996,997,998,999,1001,1002,1003,1004,1005,1006,1007,1008,1009,1010,1011,1012,1013,1014,1015,1016,1017,1018,1019,1020,1021,1022,1023,
1061,1025,1026,1027,1028,1029,1030,1031,1032,1033,1035,1036,1037,1038,1039,1040,1041,1042,1043,1044,1045,1047,1048,1049,1050,1051,1052,1053,1054,1055,1056,1057,1058,1059,1066,1067,1068,1069,1070,1071,922,923,925,926,927,928,929,930,933,934,935,936,937,938,939,940,941,943,944,945,946,947,948,949,950,951,952,953,954,955,956,957,958,959,960,962,963,964,965,966,967,968,969,970,971,972,973,974,977,978,979,980,981,982,983,984,985,986,987,988,989,990,991,992,993,994,995,996,997,998,1000,1001,1002,1003,1004,1005,1006,1007,1008,1009,1010,1011,1012,1015,
927,1024,1025,1026,1027,1028,1029,1030,1031,1032,1033,1034,1035,1036,1037,1038,1039,1040,1041,1042,1043,1044,1045,1047,1048,1049,1050,1051,1052,1053,1054,1055,1056,1057,1058,1060,1061,1062,1063,1064,1065,1066,1067,1068,1069,1070,1071,922,923,926,929,930,931,932,933,934,935,936,937,938,939,940,941,942,943,944,945,946,947,948,949,950,951,952,953,954,955,956,957,958,959,960,961,962,963,964,965,966,967,968,969,970,971,972,973,974,976,977,978,979,980,981,982,983,984,985,986,987,988,989,990,991,992,994,995,996,997,998,999,1000,1001,1002,1003,1004,1005,1006,1007,1008,1009,1010,1011,1012,1013,1014,1015,1016,1017,1018,1019,1020,1021,1022,1023,
968,1024,1025,1026,1027,1028,1029,1030,1031,1032,1033,1034,1035,1036,1037,1038,1039,1040,1041,1042,1043,1044,1045,1046,1047,1048,1049,1050,1051,1052,1053,1054,1055,1056,1057,1058,1059,1060,1061,1062,1063,1066,1067,1068,1069,1070,1071,922,923,925,926,927,928,929,930,931,932,933,934,935,936,937,938,939,940,941,942,943,944,945,946,947,948,949,950,951,952,953,954,955,956,957,958,959,960,961,962,963,964,965,966,967,969,970,971,972,973,974,976,977,978,979,980,981,982,986,987,988,989,990,991,993,994,995,996,998,999,1000,1001,1002,1003,1004,1005,1006,1007,1008,1009,1010,1012,1013,1014,1015,1016,1017,1018,1019,1020,1021,1022,1023,
1026,1024,1025,1027,1028,1029,1030,1031,1032,1033,1034,1037,1038,1039,1040,1041,1042,1043,1044,1045,1046,1047,1048,1049,1050,1051,1052,1053,1054,1055,1056,1057,1058,1059,1060,1061,1066,1067,1068,1069,1071,922,923,925,926,927,928,929,930,931,932,933,934,935,936,937,938,940,941,942,943,945,946,947,948,950,951,952,953,954,955,956,957,958,959,960,961,962,963,964,965,966,968,969,970,971,972,973,974,976,977,978,979,980,981,982,984,985,986,987,988,989,990,991,992,993,994,995,996,998,999,1000,1001,1002,1003,1004,1005,1006,1007,1008,1009,1010,1012,1013,1014,1015,1016,1017,1018,1019,1020,1021,1022,1023,
1064,1029,1030,1033,1035,1036,1037,1047,1048,922,1052,927,1056,928,1057,930,1059,934,1062,1063,939,1067,940,1069,941,1070,943,944,948,949,950,951,952,954,956,960,965,967,969,970,973,974,977,979,980,982,986,990,991,996,1000,1001,1003,1009,1015,
936,1025,1026,1027,1028,1029,1030,1031,1032,1033,1034,1035,1036,1037,1038,1039,1040,1041,1042,1043,1044,1045,1047,1048,1049,1050,1051,1052,1053,1054,1055,1056,1057,1058,1059,1061,1066,1067,1068,1069,1070,1071,922,925,926,927,928,929,930,932,933,934,935,937,938,939,940,941,943,944,945,946,947,948,949,950,951,952,953,954,955,956,957,958,959,960,962,963,965,966,967,968,969,970,971,972,973,974,977,978,979,980,981,982,983,984,985,986,987,988,989,990,991,992,993,994,995,996,997,998,1000,1001,1002,1003,1004,1005,1006,1007,1008,1009,1010,1011,1012,1015,
1022,1025,1026,1029,1030,1031,1032,1033,1035,1036,1037,1038,1039,1040,1042,1043,1044,1045,1047,1048,1049,1050,1051,1052,1053,1054,1055,1056,1057,1058,1059,1066,1067,1068,1069,1070,1071,922,925,926,927,928,929,930,933,934,937,938,939,940,941,943,944,945,946,947,948,949,950,951,952,953,954,955,956,957,958,959,960,962,963,965,967,968,969,970,972,973,974,977,978,979,980,981,982,983,984,985,986,987,988,989,990,991,992,993,994,995,996,997,998,1000,1001,1003,1004,1005,1006,1007,1008,1009,1010,1011,1012,1014,1015,1016,1017,1020,1023,
970,1024,1025,1026,1027,1028,1029,1030,1031,1032,1033,1034,1035,1036,1037,1038,1039,1040,1041,1042,1043,1044,1045,1047,1048,1049,1050,1051,1052,1053,1054,1055,1056,1057,1058,1059,1060,1061,1062,1063,1064,1065,1066,1067,1068,1069,1070,1071,922,923,926,927,929,930,931,932,933,935,936,937,938,939,940,941,942,943,944,945,946,947,948,949,950,951,952,953,954,955,956,957,958,959,960,961,962,963,964,965,966,967,968,969,971,972,973,974,976,977,978,979,980,981,982,983,984,985,986,987,988,989,990,992,994,995,996,997,998,999,1000,1001,1002,1003,1004,1005,1006,1007,1008,1009,1010,1011,1012,1013,1014,1015,1016,1017,1018,1019,1020,1021,1022,1023,
950,1024,1025,1026,1027,1028,1029,1030,1031,1032,1033,1034,1035,1036,1037,1038,1039,1040,1041,1042,1043,1044,1045,1047,1048,1049,1050,1051,1052,1053,1054,1055,1056,1057,1058,1060,1061,1062,1063,1064,1065,1066,1067,1068,1069,1070,1071,922,923,926,927,929,930,931,932,933,934,935,936,937,938,939,940,941,942,943,944,945,946,947,948,949,951,952,953,954,955,956,957,958,959,960,961,962,963,964,965,966,967,968,969,970,971,972,973,974,976,977,978,979,980,981,982,983,984,985,986,987,988,989,990,991,992,994,995,996,997,998,999,1000,1001,1002,1003,1004,1005,1006,1007,1008,1009,1010,1011,1012,1013,1014,1015,1016,1017,1018,1019,1020,1021,1022,1023,
1045,1024,1025,1026,1027,1028,1029,1030,1031,1033,1034,1035,1036,1037,1038,1039,1040,1041,1042,1043,1044,1047,1048,1049,1050,1051,1053,1054,1055,1056,1057,1058,1059,1061,1062,1066,1067,1068,1069,1070,1071,922,923,924,925,926,927,928,929,930,932,933,934,935,936,937,938,939,940,941,943,944,945,946,947,948,949,950,951,953,954,955,956,957,958,959,960,961,962,963,964,965,966,967,968,969,970,971,972,973,974,976,977,978,979,980,981,983,984,985,986,987,988,989,990,991,992,994,995,996,997,998,999,1000,1001,1002,1003,1004,1005,1006,1007,1008,1009,1010,1011,1012,1013,1014,1015,1016,1017,1018,1019,1020,1021,1022,1023,
1006,1024,1025,1026,1027,1028,1029,1030,1031,1032,1033,1034,1037,1038,1039,1040,1041,1042,1044,1045,1046,1047,1048,1049,1050,1051,1052,1053,1054,1055,1056,1057,1058,1059,1060,1061,1066,1067,1068,1069,1071,922,923,925,926,927,928,929,930,931,932,933,934,935,936,938,940,941,942,943,945,946,947,948,950,951,952,953,954,955,956,957,958,959,960,961,962,963,964,965,966,968,969,970,971,972,973,974,976,977,978,979,980,981,982,984,985,986,987,988,989,990,991,992,993,994,995,996,998,999,1000,1001,1002,1003,1004,1005,1007,1008,1009,1010,1012,1013,1014,1015,1016,1017,1018,1019,1020,1021,1022,1023,
929,1024,1026,1027,1028,1029,1030,1031,1032,1033,1034,1037,1041,1043,1045,1046,1047,1048,1049,1050,1051,1052,1055,1056,1057,1058,1059,1060,1061,1066,1067,1068,1069,922,923,925,927,928,930,931,932,933,934,935,936,938,940,941,942,943,945,947,948,950,951,952,953,954,955,956,957,961,962,963,964,965,966,968,969,970,971,972,973,974,976,977,978,979,980,981,982,985,986,989,990,991,993,994,996,998,999,1000,1001,1002,1003,1004,1006,1007,1008,1009,1010,1013,1014,1015,1016,1017,1018,1019,1020,1021,1022,1023,
962,1024,1025,1026,1027,1028,1029,1030,1031,1032,1033,1034,1035,1036,1037,1038,1039,1040,1041,1042,1043,1044,1045,1046,1047,1048,1049,1050,1051,1052,1053,1054,1055,1056,1057,1058,1059,1060,1061,1062,1063,1066,1067,1068,1069,1070,1071,922,923,925,926,927,928,929,930,931,932,933,934,935,936,937,938,939,940,941,942,943,944,945,946,947,948,949,950,951,952,953,954,955,956,957,958,959,960,961,963,964,965,966,967,968,969,970,971,972,973,974,976,977,978,979,980,981,982,986,987,988,989,990,991,993,994,995,996,998,999,1000,1001,1002,1003,1004,1005,1006,1007,1008,1009,1010,1012,1013,1014,1015,1016,1017,1018,1019,1020,1021,1022,1023,
1043,1024,1026,1027,1028,1029,1030,1031,1032,1033,1034,1037,1041,1045,1046,1047,1048,1049,1050,1051,1052,1055,1056,1057,1058,1059,1060,1061,1066,1067,1068,1069,1071,922,923,925,927,928,929,930,931,932,933,934,935,936,938,940,941,942,943,945,947,948,950,951,952,953,954,955,956,957,961,962,963,964,965,966,968,969,970,971,972,973,974,976,977,978,979,980,981,982,985,986,989,990,991,993,994,996,998,999,1000,1001,1002,1003,1004,1007,1008,1009,1010,1012,1013,1014,1015,1016,1017,1018,1019,1020,1021,1022,1023,
924,1030,1032,1045,1047,1050,922,1051,1052,1056,1057,1058,933,938,1066,1067,940,1069,941,943,945,947,948,952,953,954,955,956,957,963,965,969,972,973,974,978,979,980,981,982,986,989,994,996,998,1001,1007,1009,1010,1015,
1002,1025,1026,1027,1028,1029,1030,1031,1032,1033,1034,1035,1036,1037,1038,1039,1040,1041,1042,1043,1044,1045,1047,1048,1049,1050,1051,1052,1053,1054,1055,1056,1057,1058,1059,1061,1066,1067,1068,1069,1070,1071,922,925,926,927,928,929,930,932,933,934,935,936,937,938,939,940,941,943,944,945,946,947,948,949,950,951,952,953,954,955,956,957,958,959,960,962,963,964,965,966,967,968,969,970,971,972,973,974,977,978,979,980,981,982,983,984,985,986,987,988,989,990,991,992,993,994,995,996,997,998,1000,1001,1003,1004,1005,1006,1007,1008,1009,1010,1011,1012,1015,
954,1024,1025,1026,1027,1028,1029,1030,1031,1032,1033,1034,1035,1036,1037,1038,1039,1040,1041,1042,1043,1044,1045,1046,1047,1048,1049,1050,1051,1052,1053,1054,1055,1056,1057,1058,1059,1060,1061,1063,1064,1066,1067,1068,1069,1070,1071,922,923,924,925,926,927,928,929,930,931,932,933,934,935,936,937,938,939,940,941,942,943,944,945,946,947,948,949,950,951,952,953,955,956,957,958,959,960,961,962,963,964,965,966,967,968,969,970,971,972,973,976,977,978,979,980,981,982,983,984,985,986,987,988,989,990,991,992,993,994,995,996,997,998,999,1000,1001,1002,1003,1004,1005,1006,1007,1008,1009,1010,1011,1012,1013,1014,1015,1016,1017,1018,1019,1020,1021,1022,1023,
930,1024,1025,1026,1027,1028,1029,1030,1031,1032,1033,1034,1035,1036,1037,1038,1039,1040,1041,1042,1043,1044,1045,1047,1048,1049,1050,1051,1052,1053,1054,1055,1056,1057,1058,1059,1060,1061,1062,1063,1064,1065,1066,1067,1068,1069,1070,1071,922,923,926,927,929,931,932,933,935,936,937,938,939,940,941,942,943,944,945,946,947,948,949,950,951,952,953,954,955,956,957,958,959,960,961,962,963,964,965,966,967,968,969,970,971,972,973,974,976,977,978,979,980,981,982,983,984,985,986,987,988,989,990,992,994,995,996,997,998,999,1000,1001,1002,1003,1004,1005,1006,1007,1008,1009,1010,1011,1012,1013,1014,1015,1016,1017,1018,1019,1020,1021,1022,1023,
1030,1024,1025,1026,1027,1028,1029,1031,1032,1033,1034,1035,1036,1037,1038,1039,1040,1041,1042,1043,1044,1045,1046,1047,1048,1049,1050,1051,1052,1053,1054,1055,1056,1057,1058,1059,1060,1061,1063,1064,1066,1067,1068,1069,1070,1071,923,924,925,926,927,928,929,930,931,932,933,934,935,936,937,938,939,940,941,942,943,944,945,946,947,948,949,950,951,952,953,954,955,957,958,959,960,961,962,963,964,965,966,967,968,970,971,972,974,976,977,978,979,980,981,982,983,984,985,986,987,988,989,990,991,992,993,994,995,996,997,998,999,1000,1001,1002,1003,1004,1005,1006,1007,1008,1009,1010,1011,1012,1013,1014,1015,1016,1017,1018,1019,1020,1021,1022,1023,
969,1024,1025,1026,1027,1028,1029,1031,1032,1033,1034,1035,1036,1037,1038,1039,1040,1041,1042,1043,1044,1045,1046,1047,1048,1049,1050,1051,1052,1053,1054,1055,1056,1057,1058,1059,1060,1061,1063,1064,1066,1067,1068,1069,1070,1071,922,923,924,925,926,927,928,929,930,931,932,933,934,935,936,937,938,939,940,941,942,943,944,945,946,947,948,949,950,951,952,953,954,955,957,958,959,960,961,962,963,964,965,966,967,968,970,971,972,973,974,976,977,978,979,980,981,982,983,984,985,986,987,988,989,990,991,992,993,994,995,996,997,998,999,1000,1001,1002,1003,1004,1005,1006,1007,1008,1009,1010,1011,1012,1013,1014,1015,1016,1017,1018,1019,1020,1021,1022,1023,
1020,1024,1025,1026,1028,1029,1030,1031,1032,1033,1035,1036,1037,1038,1039,1040,1042,1043,1044,1045,1047,1048,1049,1050,1051,1052,1053,1054,1055,1056,1057,1058,1059,1066,1067,1068,1069,1070,1071,922,925,926,927,928,929,930,933,934,937,938,939,940,941,943,944,945,946,947,948,949,950,951,952,953,954,955,956,957,958,959,960,962,963,965,967,968,969,970,972,973,974,977,978,979,980,981,982,983,984,985,986,987,988,989,990,991,992,993,994,995,996,997,998,1000,1001,1003,1004,1005,1006,1007,1008,1009,1010,1011,1012,1014,1015,1016,1017,1019,1021,1022,1023,
984,1024,1025,1026,1027,1028,1029,1030,1032,1033,1034,1037,1038,1039,1040,1041,1042,1044,1045,1046,1047,1048,1049,1050,1051,1052,1053,1054,1056,1057,1058,1059,1060,1061,1063,1066,1067,1068,1069,922,923,925,926,927,928,930,931,932,933,934,935,936,938,940,941,942,943,945,947,948,950,951,952,953,954,955,956,957,958,959,960,961,963,964,965,966,969,970,971,972,973,974,976,977,978,979,980,981,982,986,987,988,989,990,991,993,994,995,996,998,999,1000,1001,1002,1003,1004,1005,1006,1007,1008,1009,1010,1013,1014,1015,1016,1017,1018,1019,1020,1021,1022,1023,
931,1025,1026,1029,1030,1031,1037,1038,1039,1040,1042,1043,1044,1047,1048,1049,922,1052,1053,926,1054,1055,927,928,929,930,1059,1060,934,937,1068,941,942,1071,946,950,951,952,954,956,958,959,960,962,968,969,970,973,974,977,981,982,983,984,985,987,988,990,991,992,995,997,1000,1003,1004,1005,1006,1008,1012,
959,1024,1026,1027,1028,1029,1030,1032,1033,1034,1037,1040,1041,1045,1046,1047,1048,1050,1051,1052,1053,1056,1057,1058,1059,1060,1061,1062,1063,1066,1067,1068,1069,922,923,925,927,928,930,931,932,933,934,935,936,938,940,941,942,943,945,946,947,948,950,951,952,953,954,955,956,957,961,962,963,964,965,966,968,969,970,971,972,973,974,976,977,978,979,980,981,982,984,986,989,990,991,992,993,994,995,996,998,999,1000,1001,1002,1003,1005,1006,1007,1009,1010,1012,1013,1014,1015,1016,1017,1018,1019,1020,1021,1022,1023,
960,1024,1026,1027,1028,1029,1030,1032,1033,1034,1035,1036,1037,1040,1041,1045,1046,1047,1048,1050,1051,1052,1053,1056,1057,1058,1059,1060,1061,1062,1063,1064,1065,1066,1067,1068,1069,1070,922,923,925,927,928,930,931,932,933,934,935,936,938,939,940,941,942,943,944,945,946,947,948,949,950,951,952,953,954,955,956,957,961,962,963,964,965,966,968,969,970,971,972,973,974,976,977,978,979,980,981,982,984,985,986,989,990,991,992,993,994,995,996,998,999,1000,1001,1002,1003,1005,1006,1007,1009,1010,1013,1014,1015,1016,1017,1018,1019,1020,1021,1022,1023,
995,1024,1025,1026,1027,1028,1029,1030,1032,1033,1034,1037,1038,1039,1040,1041,1042,1044,1045,1046,1047,1048,1049,1050,1051,1052,1053,1054,1056,1057,1058,1059,1060,1061,1062,1063,1066,1067,1068,1069,922,923,925,926,927,928,930,931,932,933,934,935,936,938,940,941,942,943,945,946,947,948,950,951,952,953,954,955,956,957,958,959,960,961,962,963,964,965,966,968,969,970,971,972,973,974,976,977,978,979,980,981,982,984,986,987,988,989,990,991,992,993,994,996,998,999,1000,1001,1002,1003,1004,1005,1006,1007,1008,1009,1010,1012,1013,1014,1015,1016,1017,1018,1019,1020,1021,1022,1023,
1051,1024,1025,1026,1027,1028,1029,1030,1031,1032,1033,1034,1035,1036,1037,1038,1039,1040,1041,1042,1043,1044,1045,1047,1048,1049,1050,1052,1053,1054,1055,1056,1057,1058,1059,1061,1062,1066,1067,1068,1069,1070,1071,922,923,924,925,926,927,928,929,930,932,933,934,935,936,937,938,939,940,941,943,944,945,946,947,948,949,950,951,952,953,954,955,956,957,958,959,960,961,962,963,964,965,966,967,968,969,970,971,972,973,974,976,977,978,979,980,981,982,983,984,985,986,987,988,989,990,991,992,994,995,996,997,998,999,1000,1001,1002,1003,1004,1005,1006,1007,1008,1009,1010,1011,1012,1013,1014,1015,1016,1017,1018,1019,1020,1021,1022,1023,
1036,1024,1027,1028,1029,1030,1032,1033,1034,1035,1037,1041,1045,1047,1048,1050,1051,1052,1056,1057,1058,1059,1061,1062,1063,1064,1065,1066,1067,1069,1070,922,923,925,927,928,930,932,933,934,935,936,938,939,940,941,943,944,945,947,948,949,950,951,952,953,954,955,956,957,960,961,962,963,964,965,966,968,969,970,971,972,973,974,976,977,978,979,980,981,982,985,986,989,990,991,993,994,996,998,999,1000,1001,1002,1003,1007,1009,1010,1013,1014,1015,1016,1017,1018,1019,1020,1021,1022,1023,
1000,1024,1025,1026,1027,1028,1029,1030,1031,1032,1033,1034,1035,1036,1037,1038,1039,1040,1041,1042,1043,1044,1045,1047,1048,1049,1050,1051,1052,1053,1054,1055,1056,1057,1058,1060,1061,1062,1063,1064,1065,1066,1067,1068,1069,1070,1071,922,923,926,927,929,930,931,932,933,934,935,936,937,938,939,940,941,942,943,944,945,946,947,948,949,950,951,952,953,954,955,956,957,958,959,960,961,962,963,964,965,966,967,968,969,970,971,972,973,974,976,977,978,979,980,981,982,983,984,985,986,987,988,989,990,991,992,994,995,996,997,998,999,1001,1002,1003,1004,1005,1006,1007,1008,1009,1010,1011,1012,1013,1014,1015,1016,1017,1018,1019,1020,1021,1022,1023,
1050,1024,1025,1026,1027,1028,1029,1030,1031,1032,1033,1034,1035,1036,1037,1038,1039,1040,1041,1042,1043,1044,1045,1047,1048,1049,1051,1052,1053,1054,1055,1056,1057,1058,1059,1061,1062,1066,1067,1068,1069,1070,1071,922,923,924,925,926,927,928,929,930,932,933,934,935,936,937,938,939,940,941,943,944,946,948,949,950,951,952,953,954,955,956,957,958,959,960,961,962,963,964,965,966,967,968,969,970,971,972,973,974,976,977,978,979,980,981,982,983,984,985,986,987,988,990,991,992,995,996,997,998,999,1000,1001,1002,1003,1004,1005,1006,1007,1008,1009,1010,1011,1012,1013,1014,1015,1016,1017,1018,1019,1020,1021,1022,1023,
949,1024,1027,1028,1029,1030,1032,1033,1034,1035,1036,1037,1041,1045,1047,1048,1050,1051,1052,1056,1057,1058,1059,1061,1062,1063,1064,1065,1066,1067,1069,1070,922,923,925,927,928,930,932,933,934,935,936,938,939,940,941,943,944,945,947,948,950,951,952,953,954,955,956,957,960,961,962,963,964,965,966,968,969,970,971,972,973,974,976,977,978,979,980,981,982,985,986,989,990,991,993,994,996,998,999,1000,1001,1002,1003,1007,1009,1010,1013,1014,1015,1016,1017,1018,1019,1020,1021,1022,1023,
1033,1024,1025,1026,1027,1028,1029,1030,1031,1032,1034,1035,1036,1037,1038,1039,1040,1041,1042,1043,1044,1045,1047,1048,1049,1050,1051,1052,1053,1054,1055,1056,1057,1058,1059,1061,1062,1063,1064,1065,1066,1067,1068,1069,1070,1071,922,923,925,926,927,928,929,930,932,933,934,935,936,937,938,939,940,941,943,944,945,946,947,948,949,950,951,952,953,954,955,956,957,958,959,960,961,962,963,964,965,966,967,968,969,970,971,972,973,974,976,977,978,979,980,981,982,984,985,986,987,988,989,990,991,992,993,994,995,996,997,998,999,1000,1001,1002,1003,1004,1005,1006,1007,1008,1009,1010,1012,1013,1014,1015,1016,1017,1018,1019,1020,1021,1022,1023,
923,1025,1026,1027,1028,1029,1030,1031,1032,1033,1035,1036,1037,1038,1039,1040,1041,1042,1043,1044,1045,1047,1048,1049,1050,1051,1052,1053,1054,1055,1056,1057,1058,1059,1061,1066,1067,1068,1069,1070,1071,922,925,926,927,928,929,930,932,933,934,935,937,938,939,940,941,943,944,945,946,947,948,949,950,951,952,953,954,955,956,957,958,959,960,962,963,964,965,967,968,969,970,972,973,974,977,978,979,980,981,982,983,984,985,986,987,988,989,990,991,992,993,994,995,996,997,998,1000,1001,1003,1004,1005,1006,1007,1008,1009,1010,1011,1012,1015,
933,1024,1025,1026,1027,1028,1029,1030,1031,1032,1033,1034,1035,1036,1037,1038,1039,1040,1041,1042,1043,1044,1045,1047,1048,1049,1050,1051,1052,1053,1054,1055,1056,1057,1058,1059,1061,1062,1066,1067,1068,1069,1070,1071,922,923,924,925,926,927,928,929,930,932,934,935,936,937,938,939,940,941,943,944,945,946,947,948,949,950,951,952,954,955,956,957,958,959,960,961,962,963,964,965,966,967,968,969,970,971,972,973,974,976,977,978,979,980,981,982,983,984,985,986,987,988,989,990,991,992,994,995,996,997,998,999,1000,1001,1002,1003,1004,1005,1006,1007,1008,1009,1010,1011,1012,1013,1014,1015,1016,1017,1018,1019,1020,1021,1022,1023,
958,1024,1025,1026,1027,1028,1029,1030,1032,1033,1034,1037,1038,1039,1040,1041,1042,1044,1045,1046,1047,1048,1049,1050,1051,1052,1053,1054,1056,1057,1058,1059,1060,1061,1062,1063,1066,1067,1068,1069,922,923,925,926,927,928,930,931,932,933,934,935,936,938,940,941,942,943,945,946,947,948,950,951,952,953,954,955,956,957,961,962,963,964,965,966,968,969,970,971,972,973,974,976,977,978,979,980,981,982,984,986,987,988,989,990,991,992,993,994,995,996,998,999,1000,1001,1002,1003,1004,1005,1006,1007,1008,1009,1010,1012,1013,1014,1015,1016,1017,1018,1019,1020,1021,1022,1023,
974,1024,1025,1026,1027,1028,1029,1030,1031,1032,1033,1034,1035,1036,1037,1038,1039,1040,1041,1042,1043,1044,1045,1046,1048,1049,1050,1051,1053,1054,1055,1056,1057,1058,1059,1060,1061,1063,1064,1066,1067,1068,1069,1070,1071,922,923,924,925,926,927,928,929,930,931,932,933,934,935,936,937,938,939,940,941,942,943,944,945,946,947,948,949,950,951,953,955,956,957,958,959,960,961,962,963,964,965,966,967,968,969,970,971,972,973,976,977,978,979,980,981,983,984,985,986,987,988,989,990,991,992,993,994,995,996,997,998,999,1000,1001,1002,1003,1004,1005,1006,1007,1008,1009,1010,1011,1012,1013,1014,1015,1016,1017,1018,1019,1020,1021,1022,1023,
1048,1024,1025,1026,1027,1028,1029,1030,1031,1032,1033,1034,1035,1036,1037,1038,1039,1040,1041,1042,1043,1044,1045,1046,1047,1049,1050,1051,1052,1053,1054,1055,1056,1057,1058,1059,1060,1061,1062,1063,1064,1065,1066,1067,1068,1069,1070,1071,922,923,925,926,927,928,929,930,931,932,933,934,935,936,937,938,939,940,941,942,943,944,945,946,947,948,949,950,951,952,953,954,955,956,957,958,959,960,961,962,963,964,965,966,967,968,969,970,971,972,973,974,976,977,978,979,980,981,982,984,985,986,987,988,989,990,991,992,993,994,995,996,997,998,999,1000,1001,1002,1003,1004,1005,1006,1007,1008,1009,1010,1012,1013,1014,1015,1016,1017,1018,1019,1020,1021,1022,1023,
953,1024,1025,1026,1027,1028,1029,1030,1031,1032,1033,1034,1035,1036,1037,1038,1039,1040,1041,1042,1043,1044,1045,1047,1048,1049,1050,1051,1052,1053,1054,1055,1056,1057,1059,1061,1062,1066,1067,1068,1069,1070,1071,922,923,924,925,926,927,928,929,930,932,934,935,936,937,938,939,940,941,943,944,945,946,947,948,949,950,951,952,954,956,958,959,960,961,962,963,964,965,966,967,968,969,970,971,972,973,974,976,977,978,979,980,981,982,983,984,985,986,987,988,989,990,991,992,994,995,996,997,999,1000,1001,1002,1003,1004,1005,1006,1008,1009,1011,1012,1013,1014,1015,1016,1017,1018,1019,1020,1021,1022,1023,
1023,1024,1025,1026,1028,1029,1030,1031,1032,1033,1035,1036,1037,1038,1039,1040,1042,1043,1044,1045,1047,1048,1049,1050,1051,1052,1053,1054,1055,1056,1057,1058,1059,1066,1067,1068,1069,1070,1071,922,925,926,927,928,929,930,933,934,937,938,939,940,941,943,944,945,946,947,948,949,950,951,952,953,954,955,956,957,958,959,960,962,963,965,967,968,969,970,972,973,974,977,978,979,980,981,982,983,984,985,986,987,988,989,990,991,992,993,994,995,996,997,998,1000,1001,1003,1004,1005,1006,1007,1008,1009,1010,1011,1012,1014,1015,1016,1017,1019,1020,1021,1022,
956,1024,1025,1026,1027,1028,1029,1031,1032,1033,1034,1035,1036,1037,1038,1039,1040,1041,1042,1043,1044,1045,1046,1047,1048,1049,1050,1051,1052,1053,1054,1055,1056,1057,1058,1059,1060,1061,1063,1064,1066,1067,1068,1069,1070,1071,922,923,924,925,926,927,928,929,930,931,932,933,934,935,936,937,938,939,940,941,942,943,944,945,946,947,948,949,950,951,952,953,954,955,957,958,959,960,961,962,963,964,965,966,967,968,970,971,972,973,974,976,977,978,979,980,981,982,983,984,985,986,987,988,989,990,991,992,993,994,995,996,997,998,999,1000,1001,1002,1003,1004,1005,1006,1007,1008,1009,1010,1011,1012,1013,1014,1015,1016,1017,1018,1019,1020,1021,1022,1023,
988,1024,1025,1026,1027,1028,1029,1030,1032,1033,1034,1037,1038,1039,1040,1041,1042,1044,1045,1046,1047,1048,1049,1050,1051,1052,1053,1054,1056,1057,1058,1059,1060,1061,1062,1063,1066,1067,1068,1069,922,923,925,926,927,928,930,931,932,933,934,935,936,938,940,941,942,943,945,946,947,948,950,951,952,953,954,955,956,957,958,961,962,963,964,965,966,968,969,970,971,972,973,974,976,977,978,979,980,981,982,984,986,987,989,990,991,992,993,994,995,996,998,999,1000,1001,1002,1003,1004,1005,1006,1007,1008,1009,1010,1012,1013,1014,1015,1016,1017,1018,1019,1020,1021,1022,1023,
1041,1025,1026,1027,1028,1029,1030,1031,1032,1033,1035,1036,1037,1038,1039,1040,1042,1043,1044,1045,1047,1048,1049,1050,1051,1052,1053,1054,1055,1056,1057,1058,1059,1061,1066,1067,1068,1069,1070,1071,922,923,925,926,927,928,929,930,933,934,935,936,937,938,939,940,941,943,944,945,946,947,948,949,950,951,952,953,954,955,956,957,958,959,960,961,962,963,964,965,966,967,968,969,970,971,972,973,974,977,978,979,980,981,982,983,984,985,986,987,988,989,990,991,992,993,994,995,996,997,998,1000,1001,1002,1003,1004,1005,1006,1007,1008,1009,1010,1011,1012,1015,
932,1025,1026,1027,1028,1029,1030,1031,1032,1033,1035,1036,1037,1038,1039,1040,1042,1043,1044,1045,1047,1048,1049,1050,1051,1052,1053,1054,1055,1056,1057,1058,1059,1066,1067,1068,1069,1070,1071,922,923,925,926,927,928,929,930,933,934,935,936,937,938,939,940,941,943,944,945,946,947,948,949,950,951,952,953,954,955,956,957,958,959,960,962,963,964,965,966,967,968,969,970,971,972,973,974,977,978,979,980,981,982,983,984,985,986,987,988,989,990,991,992,993,994,995,996,997,998,1000,1001,1002,1003,1004,1005,1006,1007,1008,1009,1010,1011,1012,1015,
955,1024,1025,1026,1027,1028,1029,1030,1031,1032,1033,1034,1035,1036,1037,1038,1039,1040,1041,1042,1043,1044,1045,1047,1048,1049,1050,1051,1052,1053,1054,1055,1056,1057,1058,1059,1061,1062,1066,1067,1068,1069,1070,1071,922,923,924,925,926,927,928,929,930,932,933,934,935,936,937,938,939,940,941,943,944,945,946,947,948,949,950,951,952,954,956,957,958,959,960,961,962,963,964,965,966,967,968,969,970,971,972,973,974,976,977,978,979,980,981,982,983,984,985,986,987,988,989,990,991,992,994,995,996,997,998,999,1000,1001,1002,1003,1004,1005,1006,1007,1008,1009,1010,1011,1012,1013,1014,1015,1016,1017,1018,1019,1020,1021,1022,1023,
942,1025,1026,1029,1030,1031,1037,1038,1039,1040,1042,1043,1044,1047,1048,1049,922,1052,1053,926,1054,1055,927,928,929,930,1059,931,1060,934,937,1068,941,1071,946,950,951,952,954,956,958,959,960,962,968,969,970,973,974,977,981,982,983,984,985,987,988,990,991,992,995,997,1000,1003,1004,1005,1006,1008,1012,
952,1024,1025,1026,1027,1028,1029,1030,1031,1033,1034,1035,1036,1037,1038,1039,1040,1041,1042,1043,1044,1046,1048,1049,1050,1051,1053,1054,1055,1056,1057,1058,1059,1060,1061,1063,1064,1066,1067,1068,1069,1070,1071,922,923,924,925,926,927,928,929,930,931,932,933,934,935,936,937,938,939,940,941,942,943,944,945,946,947,948,949,950,951,953,954,955,956,957,958,959,960,961,962,963,964,965,966,967,968,969,970,971,972,973,976,977,978,979,980,981,983,984,985,986,987,988,989,990,991,992,994,995,996,997,998,999,1000,1001,1002,1003,1004,1005,1006,1007,1008,1009,1010,1011,1012,1013,1014,1015,1016,1017,1018,1019,1020,1021,1022,1023,
1021,1024,1025,1026,1028,1029,1030,1031,1032,1033,1035,1036,1037,1038,1039,1040,1042,1043,1044,1045,1047,1048,1049,1050,1051,1052,1053,1054,1055,1056,1057,1058,1059,1066,1067,1068,1069,1070,1071,922,925,926,927,928,929,930,933,934,937,938,939,940,941,943,944,945,946,947,948,949,950,951,952,953,954,955,956,957,958,959,960,962,963,965,967,968,969,970,972,973,974,977,978,979,980,981,982,983,984,985,986,987,988,989,990,991,992,993,994,995,996,997,998,1000,1001,1003,1004,1005,1006,1007,1008,1009,1010,1011,1012,1014,1015,1016,1017,1019,1020,1023,
981,1024,1025,1026,1027,1028,1029,1030,1031,1032,1033,1034,1035,1036,1037,1038,1039,1040,1041,1042,1043,1044,1045,1047,1048,1049,1050,1051,1052,1053,1054,1055,1057,1058,1059,1060,1061,1062,1066,1067,1068,1070,1071,922,923,924,925,926,927,928,929,930,931,932,933,934,935,936,937,938,939,940,941,942,944,945,946,947,949,950,951,952,953,954,955,956,957,958,959,960,961,962,963,964,966,967,968,969,970,971,972,973,974,976,977,978,982,983,984,985,987,988,989,990,991,992,994,995,997,998,999,1000,1002,1003,1004,1005,1006,1007,1008,1009,1010,1011,1012,1013,1014,1015,1016,1017,1018,1019,1020,1021,1022,1023,
1010,1024,1025,1026,1027,1028,1029,1030,1031,1032,1033,1034,1035,1036,1037,1038,1039,1040,1041,1042,1043,1044,1045,1047,1048,1049,1050,1051,1052,1053,1054,1055,1056,1057,1058,1059,1061,1062,1066,1067,1068,1069,1070,1071,922,923,924,925,926,927,928,929,930,932,933,934,935,936,937,938,939,940,941,943,944,945,946,947,948,949,950,951,952,954,955,956,957,958,959,960,961,962,963,964,965,966,967,968,969,970,971,972,973,974,976,977,978,979,980,981,982,983,984,985,986,987,988,989,990,991,992,994,995,996,997,998,999,1000,1001,1002,1003,1004,1005,1006,1007,1008,1009,1011,1012,1013,1014,1015,1016,1017,1018,1019,1020,1021,1022,1023,
1057,1024,1025,1026,1027,1028,1029,1030,1031,1033,1034,1035,1036,1037,1038,1039,1040,1041,1042,1043,1044,1045,1047,1048,1049,1050,1051,1052,1053,1054,1056,1058,1059,1061,1062,1064,1066,1068,1069,1070,1071,922,923,924,925,926,927,928,929,930,932,933,934,935,936,938,939,941,943,944,945,946,947,948,949,950,951,952,953,954,955,956,957,958,959,960,961,962,963,964,965,966,967,968,969,970,971,972,973,974,976,977,978,979,980,981,982,983,984,985,986,987,988,989,990,991,992,994,995,996,998,999,1000,1001,1002,1003,1004,1005,1006,1007,1008,1009,1010,1011,1012,1013,1014,1015,1016,1017,1018,1019,1020,1021,1022,1023,
1053,1024,1025,1026,1027,1028,1029,1030,1032,1033,1034,1037,1038,1039,1040,1041,1042,1044,1045,1046,1047,1048,1049,1050,1051,1052,1054,1056,1057,1058,1059,1060,1061,1066,1067,1068,1069,922,923,925,926,927,928,930,931,932,933,934,935,936,938,940,941,942,943,945,946,947,948,950,951,952,953,954,955,956,957,958,959,960,961,962,963,964,965,966,968,969,970,971,972,973,974,976,977,978,979,980,981,982,984,985,986,987,988,989,990,991,992,993,994,995,996,998,999,1000,1001,1002,1003,1004,1005,1006,1007,1008,1009,1010,1013,1014,1015,1016,1017,1018,1019,1020,1021,1022,1023,
1040,1024,1025,1026,1027,1028,1029,1030,1032,1033,1034,1037,1038,1039,1041,1042,1044,1045,1046,1047,1048,1049,1050,1051,1052,1053,1054,1056,1057,1058,1059,1060,1061,1062,1063,1066,1067,1068,1069,922,923,925,926,927,928,930,931,932,933,934,935,936,938,940,941,942,943,945,946,947,948,950,951,952,953,954,955,956,957,958,959,960,961,962,963,964,965,966,968,969,970,971,972,973,974,976,977,978,979,980,981,982,984,986,987,988,989,990,991,992,993,994,995,996,998,999,1000,1001,1002,1003,1004,1005,1006,1007,1008,1009,1010,1012,1013,1014,1015,1016,1017,1018,1019,1020,1021,1022,1023,
963,1024,1025,1026,1027,1028,1029,1030,1031,1032,1033,1034,1035,1036,1037,1038,1039,1040,1041,1042,1043,1044,1045,1047,1048,1049,1050,1051,1052,1053,1054,1055,1056,1057,1058,1059,1061,1062,1066,1067,1068,1069,1070,1071,922,923,924,925,926,927,928,929,930,932,933,934,935,936,937,938,939,940,941,943,944,945,946,947,948,949,950,951,952,953,954,955,956,957,958,959,960,961,962,964,965,966,967,968,969,970,971,972,973,974,976,977,978,979,980,981,982,983,984,985,986,987,988,989,990,991,992,994,995,996,997,998,999,1000,1001,1002,1003,1004,1005,1006,1007,1008,1009,1010,1011,1012,1013,1014,1015,1016,1017,1018,1019,1020,1021,1022,1023,
1070,1024,1027,1028,1029,1030,1032,1033,1034,1035,1036,1037,1041,1045,1047,1048,1050,1051,1052,1056,1057,1058,1059,1061,1062,1063,1064,1065,1066,1067,1069,922,923,925,927,928,930,932,933,934,935,936,938,939,940,941,943,944,945,947,948,949,950,951,952,953,954,955,956,957,960,961,962,963,964,965,966,968,969,970,971,972,973,974,976,977,978,979,980,981,982,985,986,989,990,991,993,994,996,998,999,1000,1001,1002,1003,1007,1009,1010,1013,1014,1015,1016,1017,1018,1019,1020,1021,1022,1023,
1071,1024,1026,1027,1028,1029,1030,1031,1032,1033,1034,1037,1041,1043,1045,1046,1047,1048,1049,1050,1051,1052,1055,1056,1057,1058,1059,1060,1061,1066,1067,1068,1069,922,923,925,927,928,930,931,932,933,934,935,936,938,940,941,942,943,945,947,948,950,951,952,953,954,955,956,957,961,962,963,964,965,966,968,969,970,971,972,973,974,976,977,978,979,980,981,982,985,986,989,990,991,993,994,996,998,999,1000,1001,1002,1003,1004,1006,1007,1008,1009,1010,1013,1014,1015,1016,1017,1018,1019,1020,1021,1022,1023,
941,1024,1025,1026,1027,1028,1029,1030,1031,1032,1033,1034,1035,1036,1037,1038,1039,1040,1041,1042,1043,1044,1045,1046,1047,1048,1049,1050,1051,1052,1053,1054,1055,1056,1057,1058,1059,1060,1061,1063,1064,1066,1067,1068,1069,1070,1071,922,923,924,925,926,927,928,929,930,931,932,933,934,935,936,937,938,939,940,942,943,944,945,946,947,948,949,950,951,952,953,954,955,956,957,958,959,960,961,962,963,964,965,966,967,968,969,970,971,972,973,974,976,977,978,979,980,981,982,983,984,985,986,987,988,989,990,991,992,993,994,995,996,997,998,999,1000,1001,1002,1003,1004,1005,1006,1007,1008,1009,1010,1011,1012,1013,1014,1015,1016,1017,1018,1019,1020,1021,1022,1023,
1037,1024,1025,1026,1027,1028,1029,1030,1031,1032,1033,1034,1035,1036,1038,1039,1040,1041,1042,1043,1044,1045,1047,1048,1049,1050,1051,1052,1053,1054,1055,1056,1057,1058,1060,1061,1062,1063,1064,1065,1066,1067,1068,1069,1070,1071,922,923,926,927,929,930,931,932,933,934,935,936,937,938,939,940,941,942,943,944,945,946,947,948,949,950,951,952,953,954,955,956,957,958,959,960,961,962,963,964,965,966,967,968,969,970,971,972,973,974,976,977,978,979,980,981,982,983,984,985,986,987,988,989,990,991,992,994,995,996,997,998,999,1000,1001,1002,1003,1004,1005,1006,1007,1008,1009,1010,1011,1012,1013,1014,1015,1016,1017,1018,1019,1020,1021,1022,1023,
935,1025,1026,1029,1030,1031,1032,1033,1035,1036,1037,1038,1039,1040,1041,1042,1043,1044,1045,1047,1048,1049,1050,1051,1052,1053,1054,1055,1056,1057,1058,1059,1061,1066,1067,1068,1069,1070,1071,922,923,925,926,927,928,929,930,932,933,934,936,937,938,939,940,941,943,944,945,946,947,948,949,950,951,952,953,954,955,956,957,958,959,960,962,963,964,965,966,967,968,969,970,971,972,973,974,977,978,979,980,981,982,983,984,985,986,987,988,989,990,991,992,993,994,995,996,997,998,1000,1001,1002,1003,1004,1005,1006,1007,1008,1009,1010,1011,1012,1015,
1024,1025,1026,1029,1030,1031,1032,1033,1035,1036,1037,1038,1039,1040,1042,1043,1044,1045,1047,1048,1049,1050,1051,1052,1053,1054,1055,1056,1057,1058,1059,1066,1067,1068,1069,1070,1071,922,925,926,927,928,929,930,933,934,937,938,939,940,941,943,944,945,946,947,948,949,950,951,952,953,954,955,956,957,958,959,960,962,963,965,967,968,969,970,972,973,974,977,978,979,980,981,982,983,984,985,986,987,988,989,990,991,992,993,994,995,996,997,998,1000,1001,1003,1004,1005,1006,1007,1008,1009,1010,1011,1012,1014,1015,1016,1017,1019,1020,1021,1023,
973,1024,1025,1026,1027,1028,1029,1031,1032,1033,1034,1035,1036,1037,1038,1039,1040,1041,1042,1043,1044,1045,1046,1047,1048,1049,1050,1051,1052,1053,1054,1055,1056,1057,1058,1059,1060,1061,1063,1064,1066,1067,1068,1069,1070,1071,923,924,925,926,927,928,929,930,931,932,933,934,935,936,937,938,939,940,941,942,943,944,945,946,947,948,949,950,951,952,953,954,955,956,957,958,959,960,961,962,963,964,965,966,967,968,969,970,971,972,974,976,977,978,979,980,981,982,983,984,985,986,987,988,989,990,991,992,993,994,995,996,997,998,999,1000,1001,1002,1003,1004,1005,1006,1007,1008,1009,1010,1011,1012,1013,1014,1015,1016,1017,1018,1019,1020,1021,1022,1023,
951,1024,1025,1026,1027,1028,1030,1031,1032,1033,1034,1036,1037,1038,1039,1040,1041,1042,1043,1044,1045,1046,1047,1048,1049,1050,1051,1052,1053,1054,1055,1056,1057,1058,1059,1060,1061,1062,1063,1064,1065,1066,1067,1069,1070,1071,922,923,925,926,927,928,929,930,931,932,933,934,935,936,937,938,939,940,941,942,943,944,945,946,947,948,949,950,952,953,954,955,956,957,958,959,960,961,962,963,964,965,966,968,969,970,971,972,973,974,976,977,978,979,980,981,982,984,985,986,987,988,989,990,991,992,993,994,995,996,998,999,1000,1001,1002,1003,1004,1005,1006,1007,1008,1009,1010,1012,1013,1014,1015,1016,1017,1018,1019,1020,1021,1022,1023,
1005,1024,1025,1026,1027,1028,1029,1030,1032,1033,1034,1037,1038,1039,1040,1041,1042,1044,1045,1046,1047,1048,1049,1050,1051,1052,1053,1054,1056,1057,1058,1059,1060,1061,1062,1063,1066,1067,1068,1069,922,923,925,926,927,928,930,931,932,933,934,935,936,938,940,941,942,943,945,946,947,948,950,951,952,953,954,955,956,957,958,959,960,961,962,963,964,965,966,968,969,970,971,972,973,974,976,977,978,979,980,981,982,984,986,987,988,989,990,991,992,993,994,995,996,998,999,1000,1001,1002,1003,1004,1006,1007,1008,1009,1010,1012,1013,1014,1015,1016,1017,1018,1019,1020,1021,1022,1023,
972,1024,1025,1026,1027,1028,1029,1030,1031,1033,1034,1035,1036,1037,1038,1039,1040,1041,1042,1043,1044,1045,1047,1048,1049,1050,1051,1052,1053,1054,1055,1056,1057,1058,1059,1061,1062,1066,1067,1068,1069,1070,1071,922,923,924,925,926,927,928,929,930,932,933,934,935,936,937,938,939,940,941,943,944,945,946,947,948,949,950,951,952,953,954,955,956,957,958,959,960,961,962,963,964,965,966,967,968,969,970,971,973,974,976,977,978,979,980,981,982,983,984,985,986,987,988,989,990,991,992,994,995,996,997,998,999,1000,1001,1002,1003,1004,1005,1006,1007,1008,1009,1010,1011,1012,1013,1014,1015,1016,1017,1018,1019,1020,1021,1022,1023,
1011,1024,1027,1028,1030,1032,1034,1037,1041,1045,1047,1050,922,1051,923,1052,925,927,1056,928,1057,930,1058,1059,932,933,1061,934,1062,935,1063,936,1066,938,1067,940,941,1069,943,945,947,948,950,952,953,954,955,956,957,961,963,964,965,966,969,970,971,972,973,974,976,977,978,979,980,981,982,986,989,990,991,993,994,996,998,999,1000,1001,1002,1003,1007,1009,1010,1013,1014,1015,1016,1017,1018,1019,1020,1021,1022,1023,
998,1024,1025,1026,1027,1028,1029,1030,1031,1032,1033,1034,1035,1036,1037,1038,1039,1040,1041,1042,1043,1044,1045,1047,1048,1049,1050,1051,1052,1053,1054,1055,1056,1057,1058,1059,1061,1062,1066,1067,1068,1069,1070,1071,922,923,924,925,926,927,928,929,930,932,933,934,935,936,937,938,939,940,941,943,944,945,946,947,948,949,950,951,952,954,955,956,957,958,959,960,961,962,963,964,965,966,967,968,969,970,971,972,973,974,976,977,978,979,980,981,982,983,984,985,986,987,988,989,990,991,992,994,995,996,997,999,1000,1001,1002,1003,1004,1005,1006,1007,1008,1009,1010,1011,1012,1013,1014,1015,1016,1017,1018,1019,1020,1021,1022,1023,
943,1024,1025,1026,1027,1028,1029,1030,1031,1032,1033,1034,1035,1036,1037,1038,1039,1040,1041,1042,1043,1044,1045,1047,1048,1049,1050,1051,1052,1053,1054,1055,1056,1057,1058,1059,1061,1062,1064,1066,1067,1068,1069,1070,1071,922,923,924,925,926,927,928,929,930,932,933,934,935,936,937,938,939,940,941,944,945,946,947,948,949,950,951,952,953,954,955,956,957,958,959,960,961,962,963,964,965,966,967,968,969,970,971,972,973,974,976,977,978,980,982,983,984,985,986,987,988,989,990,991,992,994,995,996,997,998,999,1000,1001,1002,1003,1004,1005,1006,1007,1008,1009,1010,1011,1012,1013,1014,1015,1016,1017,1018,1019,1020,1021,1022,1023,
928,1024,1025,1026,1027,1028,1029,1030,1031,1032,1033,1034,1035,1036,1038,1039,1040,1041,1042,1043,1044,1045,1047,1048,1049,1050,1051,1052,1053,1054,1055,1056,1057,1058,1060,1061,1062,1063,1064,1065,1066,1067,1068,1069,1070,1071,922,923,926,929,931,932,933,935,936,937,938,939,940,941,942,943,944,945,946,947,948,949,951,952,953,954,955,956,957,958,959,960,961,962,963,964,965,966,967,968,969,971,972,973,974,976,978,979,980,981,982,983,984,985,986,987,988,989,992,994,995,996,997,998,999,1001,1002,1004,1005,1006,1007,1008,1009,1010,1011,1012,1013,1014,1015,1016,1017,1018,1019,1020,1021,1022,1023,
1060,1025,1026,1029,1030,1031,1037,1038,1039,1040,1042,1043,1044,1047,1048,1049,922,1052,1053,926,1054,1055,927,928,929,930,1059,931,934,937,1068,941,942,1071,946,950,951,952,954,956,958,959,960,962,968,969,970,973,974,977,981,982,983,984,985,987,988,990,991,992,995,997,1000,1003,1004,1005,1006,1008,1012,
1029,1024,1025,1026,1027,1028,1030,1031,1032,1033,1034,1036,1037,1038,1039,1040,1041,1042,1043,1044,1045,1046,1047,1048,1049,1050,1051,1052,1053,1054,1055,1056,1057,1058,1059,1060,1061,1062,1063,1064,1065,1066,1067,1069,1070,1071,922,923,925,926,927,928,929,930,931,932,933,934,935,936,937,938,939,940,941,942,943,944,945,946,947,948,949,950,952,953,954,955,956,957,958,959,960,961,962,963,964,965,966,968,969,970,971,972,973,974,976,977,978,979,980,981,982,984,985,986,987,988,989,990,991,992,993,994,995,996,998,999,1000,1001,1002,1003,1004,1005,1006,1007,1008,1009,1010,1012,1013,1014,1015,1016,1017,1018,1019,1020,1021,1022,1023,
940,1024,1025,1026,1027,1028,1029,1030,1031,1033,1034,1035,1036,1037,1038,1039,1040,1041,1042,1043,1044,1045,1047,1048,1049,1050,1051,1052,1053,1054,1056,1058,1059,1061,1062,1064,1066,1068,1069,1070,1071,922,923,924,925,926,927,928,929,930,932,933,934,935,936,938,939,941,943,944,945,946,947,948,949,950,951,952,953,954,955,956,957,958,959,960,961,962,963,964,965,966,967,968,969,970,971,972,973,974,976,977,978,979,980,981,982,983,984,985,986,987,988,989,990,991,992,994,995,996,998,999,1000,1001,1002,1003,1004,1005,1006,1007,1008,1009,1010,1011,1012,1013,1014,1015,1016,1017,1018,1019,1020,1021,1022,1023,
967,1024,1027,1028,1030,1032,1033,1034,1037,1041,1045,1047,1048,1050,1051,1052,1056,1057,1058,1059,1061,1062,1063,1064,1065,1066,1067,1069,922,923,925,927,928,930,932,933,934,935,936,938,940,941,943,945,947,948,950,952,953,954,955,956,957,961,962,963,964,965,966,968,969,970,971,972,973,974,976,977,978,979,980,981,982,985,986,989,990,991,993,994,996,998,999,1000,1001,1002,1003,1007,1009,1010,1013,1014,1015,1016,1017,1018,1019,1020,1021,1022,1023,
1031,1024,1026,1027,1028,1029,1030,1032,1033,1034,1037,1041,1043,1045,1046,1047,1048,1049,1050,1051,1052,1056,1057,1058,1059,1060,1061,1066,1067,1068,1069,1071,922,923,925,927,928,929,930,931,932,933,934,935,936,938,940,941,942,943,945,947,948,950,951,952,953,954,955,956,957,961,962,963,964,965,966,968,969,970,971,972,973,974,976,977,978,979,980,981,982,985,986,989,990,991,993,994,996,998,999,1000,1001,1002,1003,1004,1006,1007,1008,1009,1010,1012,1013,1014,1015,1016,1017,1018,1019,1020,1021,1022,1023,
1052,1024,1025,1026,1027,1028,1029,1030,1031,1033,1034,1035,1036,1037,1038,1039,1040,1041,1042,1043,1044,1046,1048,1049,1050,1051,1053,1054,1055,1056,1057,1058,1059,1060,1061,1063,1064,1066,1067,1068,1069,1070,1071,922,923,924,925,926,927,928,929,930,931,932,933,934,935,936,937,938,939,940,941,942,943,944,945,946,947,948,949,950,951,953,954,955,956,957,958,959,960,961,962,963,964,965,966,967,968,969,970,971,972,973,976,977,978,979,980,981,983,984,985,986,987,988,989,990,991,992,994,995,996,997,998,999,1000,1001,1002,1003,1004,1005,1006,1007,1008,1009,1010,1011,1012,1013,1014,1015,1016,1017,1018,1019,1020,1021,1022,1023,
945,1024,1025,1026,1027,1028,1029,1030,1031,1032,1033,1034,1035,1036,1037,1038,1039,1040,1041,1042,1043,1044,1045,1047,1048,1049,1051,1052,1053,1054,1055,1056,1057,1058,1059,1061,1062,1067,1068,1069,1070,1071,922,923,924,925,926,927,928,929,930,932,933,934,935,936,937,938,939,940,941,943,944,946,947,948,949,950,951,952,953,954,955,956,957,958,959,960,961,962,963,964,965,966,967,968,969,970,971,972,973,974,976,977,979,980,981,982,983,984,985,986,987,988,990,991,992,994,995,996,997,998,999,1000,1001,1002,1003,1004,1005,1006,1007,1008,1009,1010,1011,1012,1013,1014,1015,1016,1017,1018,1019,1020,1021,1022,1023,
1019,1024,1025,1026,1028,1029,1030,1031,1032,1033,1035,1036,1037,1038,1039,1040,1042,1043,1044,1045,1047,1048,1049,1050,1051,1052,1053,1054,1055,1056,1057,1058,1059,1066,1067,1068,1069,1070,1071,922,925,926,927,928,929,930,933,934,937,938,939,940,941,943,944,945,946,947,948,949,950,951,952,953,954,955,956,957,958,959,960,962,963,965,967,968,969,970,972,973,974,977,978,979,980,981,982,983,984,985,986,987,988,989,990,991,992,993,994,995,996,997,998,1000,1001,1003,1004,1005,1006,1007,1008,1009,1010,1011,1012,1014,1015,1016,1017,1020,1021,1023,
990,1024,1025,1026,1027,1028,1029,1030,1031,1032,1033,1034,1035,1036,1037,1038,1039,1040,1041,1042,1043,1044,1045,1047,1048,1049,1050,1051,1052,1053,1054,1055,1056,1057,1058,1059,1060,1061,1062,1063,1064,1065,1066,1067,1068,1069,1070,1071,922,923,926,927,929,930,931,932,933,935,936,937,938,939,940,941,942,943,944,945,946,947,948,949,950,951,952,953,954,955,956,957,958,959,960,961,962,963,964,965,966,967,968,969,970,971,972,973,974,976,977,978,979,980,981,982,983,984,985,986,987,988,989,992,994,995,996,997,998,999,1000,1001,1002,1003,1004,1005,1006,1007,1008,1009,1010,1011,1012,1013,1014,1015,1016,1017,1018,1019,1020,1021,1022,1023,
938,1024,1025,1026,1027,1028,1029,1030,1031,1033,1034,1035,1036,1037,1038,1039,1040,1041,1042,1043,1044,1045,1047,1048,1049,1050,1051,1052,1053,1054,1055,1056,1057,1058,1059,1061,1062,1066,1067,1068,1069,1070,1071,922,923,924,925,926,927,928,929,930,932,933,934,935,936,937,939,940,941,943,944,945,946,947,948,949,950,951,952,953,954,955,956,957,958,959,960,961,962,963,964,965,966,967,968,969,970,971,972,973,974,976,977,978,979,980,981,982,983,984,985,986,987,988,989,990,991,992,994,995,996,997,998,999,1000,1001,1002,1003,1004,1005,1006,1007,1008,1009,1010,1011,1012,1013,1014,1015,1016,1017,1018,1019,1020,1021,1022,1023,
1069,1024,1025,1026,1027,1028,1029,1030,1031,1032,1033,1034,1035,1036,1037,1038,1039,1040,1041,1042,1043,1044,1045,1047,1048,1049,1050,1051,1052,1053,1054,1055,1056,1057,1058,1059,1061,1062,1064,1066,1067,1068,1070,1071,922,923,924,926,927,928,929,930,932,933,934,935,936,937,938,939,940,941,943,944,945,946,947,949,950,951,952,953,954,955,956,957,958,959,960,961,962,963,964,965,966,967,968,969,970,971,972,973,974,976,977,978,980,982,983,984,985,986,987,988,989,990,991,992,994,995,996,997,998,999,1000,1001,1002,1003,1004,1005,1006,1007,1008,1009,1010,1011,1012,1013,1014,1015,1016,1017,1018,1019,1020,1021,1022,1023,
1009,1024,1025,1026,1027,1028,1029,1030,1031,1032,1033,1034,1035,1036,1037,1038,1039,1040,1041,1042,1043,1044,1045,1047,1048,1049,1050,1051,1052,1053,1054,1055,1056,1057,1058,1059,1061,1062,1064,1066,1067,1068,1069,1070,1071,922,923,924,925,926,927,928,929,930,932,933,934,935,936,937,938,939,940,941,943,944,945,946,947,948,949,950,951,952,953,954,955,956,957,958,959,960,961,962,963,964,965,966,967,968,969,970,971,972,973,974,976,977,978,979,980,981,982,983,984,985,986,987,988,989,990,991,992,994,995,996,997,998,999,1000,1001,1002,1003,1004,1005,1006,1007,1008,1010,1011,1012,1013,1014,1015,1016,1017,1018,1019,1020,1021,1022,1023,
991,1024,1025,1026,1027,1028,1029,1030,1031,1032,1033,1034,1035,1036,1037,1038,1039,1040,1041,1042,1043,1044,1045,1047,1048,1049,1050,1051,1052,1053,1054,1055,1056,1057,1058,1059,1060,1061,1062,1063,1064,1065,1066,1067,1068,1069,1070,1071,922,923,926,927,929,931,932,933,935,936,937,938,939,940,941,942,943,944,945,946,947,948,949,950,951,952,953,954,955,956,957,958,959,960,961,962,963,964,965,966,967,968,969,971,972,973,974,976,977,978,979,980,981,982,983,984,985,986,987,988,989,992,994,995,996,997,998,999,1000,1001,1002,1004,1005,1006,1007,1008,1009,1010,1011,1012,1013,1014,1015,1016,1017,1018,1019,1020,1021,1022,1023,
1063,1025,1029,1030,1033,1035,1036,1037,1038,1039,1040,1042,1044,1047,1048,1049,922,1052,926,1054,927,928,930,1059,934,1062,1064,939,941,1070,944,949,950,951,952,954,956,958,959,960,962,967,968,969,970,973,974,977,982,983,984,985,987,988,990,991,992,995,1000,1003,1004,1005,1008,1011,1012,
1027,1025,1026,1029,1030,1031,1032,1033,1035,1036,1037,1038,1039,1040,1041,1042,1043,1044,1045,1047,1048,1049,1050,1051,1052,1053,1054,1055,1056,1057,1058,1059,1061,1066,1067,1068,1069,1070,1071,922,923,925,926,927,928,929,930,932,933,934,936,937,938,939,940,941,943,944,945,946,947,948,949,950,951,952,953,954,955,956,957,958,959,960,962,963,964,965,966,967,968,969,970,971,972,973,974,977,978,979,980,981,982,983,984,985,986,987,988,989,990,991,992,993,994,995,996,997,998,1000,1001,1002,1003,1004,1005,1006,1007,1008,1009,1010,1011,1012,1015,
961,1025,1026,1029,1030,1031,1032,1033,1035,1036,1037,1038,1039,1040,1041,1042,1043,1044,1045,1047,1048,1049,1050,1051,1052,1053,1054,1055,1056,1057,1058,1059,1066,1067,1068,1069,1070,1071,922,925,926,927,928,929,930,933,934,937,938,939,940,941,943,944,945,946,947,948,949,950,951,952,953,954,955,956,957,958,959,960,962,963,964,965,967,968,969,970,971,972,973,974,977,978,979,980,981,982,983,984,985,986,987,988,989,990,991,992,993,994,995,996,997,998,1000,1001,1003,1004,1005,1006,1007,1008,1009,1010,1011,1012,1015,
1044,1024,1025,1026,1027,1028,1029,1030,1032,1033,1034,1037,1038,1039,1040,1041,1042,1045,1046,1047,1048,1049,1050,1051,1052,1053,1054,1056,1057,1058,1059,1060,1061,1062,1063,1066,1067,1068,1069,922,923,925,926,927,928,930,931,932,933,934,935,936,938,940,941,942,943,945,946,947,948,950,951,952,953,954,955,956,957,958,961,962,963,964,965,966,968,969,970,971,972,973,974,976,977,978,979,980,981,982,984,986,987,988,989,990,991,992,993,994,995,996,998,999,1000,1001,1002,1003,1004,1005,1006,1007,1008,1009,1010,1012,1013,1014,1015,1016,1017,1018,1019,1020,1021,1022,1023,
1067,1024,1025,1026,1027,1028,1029,1030,1031,1033,1034,1035,1036,1037,1038,1039,1040,1041,1042,1043,1044,1045,1047,1048,1049,1050,1051,1052,1053,1054,1055,1056,1058,1059,1061,1062,1064,1066,1068,1069,1070,1071,922,923,924,925,926,927,928,929,930,932,933,934,935,936,937,938,939,941,943,944,945,946,947,948,949,950,951,952,953,954,955,956,957,958,959,960,961,962,963,964,965,966,967,968,969,970,971,972,973,974,976,977,978,979,980,981,982,983,984,985,986,987,988,989,990,991,992,994,995,996,997,998,999,1000,1001,1002,1003,1004,1005,1006,1007,1008,1009,1010,1011,1012,1013,1014,1015,1016,1017,1018,1019,1020,1021,1022,1023,
1065,960,1029,967,1033,970,1035,1036,1037,977,1048,990,927,991,928,930,1059,934,1000,939,1003,1070,944,949,950,951,
964,1025,1026,1027,1028,1029,1030,1031,1032,1033,1035,1036,1037,1038,1039,1040,1041,1042,1043,1044,1045,1047,1048,1049,1050,1051,1052,1053,1054,1055,1056,1057,1058,1059,1061,1066,1067,1068,1069,1070,1071,922,923,925,926,927,928,929,930,932,933,934,935,937,938,939,940,941,943,944,945,946,947,948,949,950,951,952,953,954,955,956,957,958,959,960,961,962,963,965,966,967,968,969,970,971,972,973,974,977,978,979,980,981,982,983,984,985,986,987,988,989,990,991,992,993,994,995,996,997,998,1000,1001,1002,1003,1004,1005,1006,1007,1008,1009,1010,1011,1012,1015,
987,1024,1025,1026,1027,1028,1029,1030,1032,1033,1034,1037,1038,1039,1040,1041,1042,1044,1045,1046,1047,1048,1049,1050,1051,1052,1053,1054,1056,1057,1058,1059,1060,1061,1062,1063,1066,1067,1068,1069,922,923,925,926,927,928,930,931,932,933,934,935,936,938,940,941,942,943,945,946,947,948,950,951,952,953,954,955,956,957,958,961,962,963,964,965,966,968,969,970,971,972,973,974,976,977,978,979,980,981,982,984,986,988,989,990,991,992,993,994,995,996,998,999,1000,1001,1002,1003,1004,1005,1006,1007,1008,1009,1010,1012,1013,1014,1015,1016,1017,1018,1019,1020,1021,1022,1023,
1035,1024,1027,1028,1030,1032,1033,1034,1036,1037,1041,1045,1047,1048,1050,1051,1052,1056,1057,1058,1059,1061,1062,1063,1064,1065,1066,1067,1069,1070,922,923,925,927,928,930,932,933,934,935,936,938,939,940,941,943,944,945,947,948,949,950,952,953,954,955,956,957,960,961,962,963,964,965,966,968,969,970,971,972,973,974,976,977,978,979,980,981,982,985,986,989,990,991,993,994,996,998,999,1000,1001,1002,1003,1007,1009,1010,1013,1014,1015,1016,1017,1018,1019,1020,1021,1022,1023,
1054,1024,1025,1026,1027,1028,1029,1030,1032,1033,1034,1037,1038,1039,1040,1041,1042,1044,1045,1046,1047,1048,1049,1050,1051,1052,1053,1056,1057,1058,1059,1060,1061,1062,1063,1066,1067,1068,1069,922,923,925,926,927,928,930,931,932,933,934,935,936,938,940,941,942,943,945,946,947,948,950,951,952,953,954,955,956,957,958,961,962,963,964,965,966,968,969,970,971,972,973,974,976,977,978,979,980,981,982,984,986,987,988,989,990,991,992,993,994,995,996,998,999,1000,1001,1002,1003,1004,1005,1006,1007,1008,1009,1010,1012,1013,1014,1015,1016,1017,1018,1019,1020,1021,1022,1023,
1028,1025,1026,1029,1030,1031,1032,1033,1035,1036,1037,1038,1039,1040,1041,1042,1043,1044,1045,1047,1048,1049,1050,1051,1052,1053,1054,1055,1056,1057,1058,1059,1061,1066,1067,1068,1069,1070,1071,922,923,925,926,927,928,929,930,932,933,934,936,937,938,939,940,941,943,944,945,946,947,948,949,950,951,952,953,954,955,956,957,958,959,960,962,963,964,965,966,967,968,969,970,971,972,973,974,977,978,979,980,981,982,983,984,985,986,987,988,989,990,991,992,993,994,995,996,997,998,1000,1001,1002,1003,1004,1005,1006,1007,1008,1009,1010,1011,1012,1014,1015,1016,1017,1019,1020,1021,1023,
1038,1024,1025,1026,1027,1028,1029,1030,1032,1033,1034,1037,1039,1040,1041,1042,1044,1045,1046,1047,1048,1049,1050,1051,1052,1053,1054,1056,1057,1058,1059,1060,1061,1062,1063,1066,1067,1068,1069,922,923,925,926,927,928,930,931,932,933,934,935,936,938,940,941,942,943,945,946,947,948,950,951,952,953,954,955,956,957,958,961,962,963,964,965,966,968,969,970,971,972,973,974,976,977,978,979,980,981,982,984,986,987,988,989,990,991,992,993,994,995,996,998,999,1000,1001,1002,1003,1004,1005,1006,1007,1008,1009,1010,1012,1013,1014,1015,1016,1017,1018,1019,1020,1021,1022,1023,
1008,1024,1025,1026,1027,1028,1029,1030,1031,1032,1033,1034,1037,1038,1039,1040,1041,1042,1043,1044,1045,1046,1047,1048,1049,1050,1051,1052,1053,1054,1055,1056,1057,1058,1059,1060,1061,1062,1063,1066,1067,1068,1069,1071,922,923,925,926,927,928,929,930,931,932,933,934,935,936,938,940,941,942,943,945,946,947,948,950,951,952,953,954,955,956,957,958,961,962,963,964,965,966,968,969,970,971,972,973,974,976,977,978,979,980,981,982,984,985,986,987,988,989,990,991,992,993,994,995,996,998,999,1000,1001,1002,1003,1004,1005,1006,1007,1009,1010,1012,1013,1014,1015,1016,1017,1018,1019,1020,1021,1022,1023,
1014,1024,1025,1026,1028,1029,1030,1031,1032,1033,1035,1036,1037,1038,1039,1040,1042,1043,1044,1045,1047,1048,1049,1050,1051,1052,1053,1054,1055,1056,1057,1058,1059,1066,1067,1068,1069,1070,1071,922,925,926,927,928,929,930,933,934,937,938,939,940,941,943,944,945,946,947,948,949,950,951,952,953,954,955,956,957,958,959,960,962,963,965,967,968,969,970,972,973,974,977,978,979,980,981,982,983,984,985,986,987,988,989,990,991,992,993,994,995,996,997,998,1000,1001,1003,1004,1005,1006,1007,1008,1009,1010,1011,1012,1015,1016,1017,1019,1020,1021,1022,1023,
980,1024,1025,1026,1027,1028,1029,1030,1031,1032,1033,1034,1035,1036,1037,1038,1039,1040,1041,1042,1043,1044,1045,1047,1048,1049,1050,1051,1052,1053,1054,1055,1056,1057,1058,1059,1061,1062,1064,1066,1067,1068,1069,1070,1071,922,923,924,926,927,928,929,930,932,933,934,935,936,937,938,939,940,941,943,944,945,946,947,948,949,950,951,952,953,954,955,956,957,958,959,960,961,962,963,964,965,966,967,968,969,970,971,972,973,974,976,977,978,982,983,984,985,987,988,989,990,991,992,994,995,997,998,999,1000,1001,1002,1003,1004,1005,1006,1007,1008,1009,1010,1011,1012,1013,1014,1015,1016,1017,1018,1019,1020,1021,1022,1023,
994,1024,1025,1026,1027,1028,1029,1030,1031,1032,1033,1034,1035,1036,1037,1038,1039,1040,1041,1042,1043,1044,1045,1047,1048,1049,1051,1052,1053,1054,1055,1056,1057,1058,1059,1061,1062,1067,1068,1069,1070,1071,922,923,924,925,926,927,928,929,930,932,933,934,935,936,937,938,939,940,941,943,944,945,946,947,948,949,950,951,952,953,954,955,956,957,958,959,960,961,962,963,964,965,966,967,968,969,970,971,972,973,974,976,977,979,980,981,982,983,984,985,986,987,988,990,991,992,995,996,997,998,999,1000,1001,1002,1003,1004,1005,1006,1007,1008,1009,1010,1011,1012,1013,1014,1015,1016,1017,1018,1019,1020,1021,1022,1023,
