2,922,
3,922,
4,922,
5,944,960,1029,949,951,967,1035,939,1036,1070,
6,923,
7,923,
8,923,
9,1024,1027,1028,1029,1033,1034,1035,1036,1037,1041,1048,923,924,927,928,930,1059,932,1061,934,935,936,939,1070,944,949,950,951,960,961,962,964,966,967,968,970,971,976,977,985,990,991,999,1000,1002,1003,1011,1013,1014,1016,1017,1018,1019,1020,1021,1022,1023,
10,960,1024,961,962,1027,964,1028,1029,966,967,968,1033,1034,971,1035,1036,976,1041,1048,985,923,932,1061,935,999,936,1002,939,1070,944,1011,949,1013,1014,951,1016,1017,1018,1019,1020,1021,1022,1023,
11,1024,1027,1028,1029,1033,1034,1035,1036,1037,1041,1048,923,924,927,928,930,1059,932,1061,934,935,936,939,1070,944,949,950,951,960,961,962,964,966,967,968,970,971,976,977,985,990,991,999,1000,1002,1003,1011,1013,1014,1016,1017,1018,1019,1020,1021,1022,1023,
12,1024,1027,1028,1029,1033,1034,1035,1036,1037,1041,1048,923,924,927,928,930,1059,932,1061,934,935,936,939,1070,944,949,950,951,960,961,962,964,966,967,968,970,971,976,977,985,990,991,999,1000,1002,1003,1011,1013,1014,1016,1017,1018,1019,1020,1021,1022,1023,
13,1024,1027,1028,1029,1033,1034,1035,1036,1037,1041,1048,923,924,927,928,930,1059,932,1061,934,935,936,939,1070,944,949,950,951,960,961,962,964,966,967,968,970,971,976,977,985,990,991,999,1000,1002,1003,1011,1013,1014,1016,1017,1018,1019,1020,1021,1022,1023,
14,1024,1027,1028,1029,1033,1034,1035,1036,1037,1041,1048,923,924,927,928,930,1059,932,1061,934,935,936,939,1070,944,949,950,951,960,961,962,964,966,967,968,970,971,976,977,985,990,991,999,1000,1002,1003,1011,1013,1014,1016,1017,1018,1019,1020,1021,1022,1023,
15,1024,1027,1028,1029,1033,1034,1035,1036,1037,1041,1048,923,924,927,928,930,1059,932,1061,934,935,936,939,1070,944,949,950,951,960,961,962,964,966,967,968,970,971,976,977,985,990,991,999,1000,1002,1003,1011,1013,1014,1016,1017,1018,1019,1020,1021,1022,1023,
16,1024,961,1027,964,1028,966,1034,971,976,1041,923,932,1061,935,999,936,1002,1013,1014,1016,1017,1018,1019,1020,1021,1022,1023,
17,1024,1027,1028,1029,1033,1034,1035,1036,1037,1041,1048,923,924,927,928,930,1059,932,1061,934,935,936,939,1070,944,949,950,951,960,961,962,964,966,967,968,970,971,976,977,985,990,991,999,1000,1002,1003,1011,1013,1014,1016,1017,1018,1019,1020,1021,1022,1023,
18,1024,1027,1028,1029,1033,1034,1035,1036,1037,1041,1048,923,924,927,928,930,1059,932,1061,934,935,936,939,1070,944,949,950,951,960,961,962,964,966,967,968,970,971,976,977,985,990,991,999,1000,1002,1003,1011,1013,1014,1016,1017,1018,1019,1020,1021,1022,1023,
19,1024,1027,1028,1029,1033,1034,1035,1036,1037,1041,1048,923,924,927,928,930,1059,932,1061,934,935,936,939,1070,944,949,950,951,960,961,962,964,966,967,968,970,971,976,977,985,990,991,999,1000,1002,1003,1011,1013,1014,1016,1017,1018,1019,1020,1021,1022,1023,
20,925,
21,925,
22,925,
23,925,
24,925,
25,925,
26,925,
27,925,
28,925,
29,926,
30,926,
31,927,
32,928,930,1059,934,1000,970,1003,1037,977,950,990,927,991,
33,928,930,1059,934,1000,970,1003,1037,977,950,990,991,927,
34,928,930,1059,934,1000,970,1003,1037,977,950,990,991,927,
35,928,930,1059,934,1000,970,1003,1037,977,950,990,991,927,
36,928,930,1059,934,1000,970,1003,1037,977,950,990,927,991,
37,928,930,1059,934,1000,970,1003,1037,977,950,990,927,991,
38,928,930,1059,934,1000,970,1003,1037,977,950,990,991,927,
39,928,930,1059,934,1000,970,1003,1037,977,950,990,991,927,
40,928,930,1059,934,1000,970,1003,1037,977,950,990,991,927,
41,928,930,1059,934,1000,970,1003,1037,977,950,990,991,927,
42,928,930,1059,934,1000,970,1003,1037,977,950,990,927,991,
43,929,
44,932,
45,933,
46,933,
47,930,934,970,990,
48,930,934,970,990,
49,930,934,970,990,
50,930,934,970,990,
51,930,934,970,990,
52,1024,1025,1026,1027,1028,1029,1030,1031,1032,1033,1034,1035,1036,1037,1038,1039,1040,1041,1042,1043,1044,1045,1046,1047,1048,1049,1050,1051,1052,1053,1054,1055,1056,1057,1058,1059,1060,1061,1062,1063,1064,1065,1066,1067,1068,1069,1070,1071,922,923,924,925,926,927,928,929,930,931,932,933,934,935,936,937,938,939,940,941,942,943,944,945,946,947,948,949,950,951,952,953,954,955,956,957,958,959,960,961,962,963,964,965,966,967,968,969,970,971,972,973,974,975,976,977,978,979,980,981,982,983,984,985,986,987,988,989,990,991,992,993,994,995,996,997,998,999,1000,1001,1002,1003,1004,1005,1006,1007,1008,1009,1010,1011,1012,1013,1014,1015,1016,1017,1018,1019,1020,1021,1022,1023,
53,936,
54,936,
55,936,
56,936,
57,936,
58,936,
59,936,
60,936,
61,936,
62,936,
63,936,
64,936,
65,936,
66,936,
67,936,
68,1024,1025,1026,1027,1028,1029,1030,1031,1032,1033,1034,1035,1036,1037,1038,1039,1040,1041,1042,1043,1044,1045,1046,1047,1048,1049,1050,1051,1052,1053,1054,1055,1056,1057,1058,1059,1060,1061,1062,1063,1064,1065,1066,1067,1068,1069,1070,1071,922,923,924,925,926,927,928,929,930,931,932,933,934,935,936,937,938,939,940,941,942,943,944,945,946,947,948,949,950,951,952,953,954,955,956,957,958,959,960,961,962,963,964,965,966,967,968,969,970,971,972,973,974,975,976,977,978,979,980,981,982,983,984,985,986,987,988,989,990,991,992,993,994,995,996,997,998,999,1000,1001,1002,1003,1004,1005,1006,1007,1008,1009,1010,1011,1012,1013,1014,1015,1016,1017,1018,1019,1020,1021,1022,1023,
69,1008,929,1043,1012,1031,1049,937,1004,1055,1071,
70,1008,929,1043,1012,1031,1049,937,1004,1055,1071,
71,1008,929,1043,1012,1031,1049,937,1004,1071,1055,
72,939,
73,939,
74,939,
75,939,
76,939,
77,941,
78,942,
79,942,
80,943,
81,943,
82,944,
83,944,
84,944,
85,948,965,1069,
86,948,965,1069,
87,948,965,1069,
88,950,
89,1010,1058,933,998,953,955,957,1007,
90,956,
92,1025,1004,1038,1039,1008,1042,1044,1049,987,988,926,1054,958,959,
93,960,
94,961,
97,962,
98,962,
99,962,
100,962,
101,962,
102,962,
103,963,
104,963,
105,963,
106,964,
107,964,
108,964,
109,964,
111,966,
112,944,960,949,1029,967,951,939,1035,1036,1070,
113,944,960,949,1029,967,951,1035,939,1036,1070,
114,944,960,949,1029,951,967,1035,939,1036,1070,
116,968,
117,968,
118,968,
119,968,
120,968,
121,971,
123,972,
124,972,
125,972,
127,1047,954,974,
128,1047,954,974,
130,999,
131,977,
132,1056,979,996,948,980,965,1001,986,1069,943,
133,1056,979,948,980,996,965,1001,986,1069,943,
135,1024,961,1027,1028,964,966,1034,971,976,1041,923,932,1061,935,999,936,1002,1013,1014,1016,1017,1018,1019,1020,1021,1022,1023,
136,1024,961,1027,964,1028,966,1034,971,976,1041,923,932,1061,935,999,936,1002,1013,1014,1016,1017,1018,1019,1020,1021,1022,1023,
137,1024,961,1027,1028,964,966,1034,971,976,1041,923,932,1061,935,999,936,1002,1013,1014,1016,1017,1018,1019,1020,1021,1022,1023,
138,944,960,1029,949,967,951,939,1035,1036,1070,
139,944,960,949,1029,951,967,1035,939,1036,1070,
140,1024,961,1027,1028,964,966,1034,971,976,1041,923,932,1061,935,999,936,1002,1013,1014,1016,1017,1018,1019,1020,1021,1022,1023,
141,1024,961,1027,964,1028,966,1034,971,976,1041,923,932,1061,935,999,936,1002,1013,1014,1016,1017,1018,1019,1020,1021,1022,1023,
142,1024,961,1027,964,1028,966,1034,971,976,1041,923,932,1061,935,999,936,1002,1013,1014,1016,1017,1018,1019,1020,1021,1022,1023,
143,1024,961,1027,1028,964,966,1034,971,976,1041,923,932,1061,935,999,936,1002,1013,1014,1016,1017,1018,1019,1020,1021,1022,1023,
144,944,960,1029,949,951,967,1035,939,1036,1070,
146,987,
147,988,
148,930,934,970,1003,990,991,
149,930,934,970,1003,990,991,
150,1024,1025,1026,1027,1028,1029,1030,1031,1032,1033,1034,1035,1036,1037,1038,1039,1040,1041,1042,1043,1044,1045,1046,1047,1048,1049,1050,1051,1052,1053,1054,1055,1056,1057,1058,1059,1060,1061,1062,1063,1064,1065,1066,1067,1068,1069,1070,1071,922,923,924,925,926,927,928,929,930,931,932,933,934,935,936,937,938,939,940,941,942,943,944,945,946,947,948,949,950,951,952,953,954,955,956,957,958,959,960,961,962,963,964,965,966,967,968,969,970,971,972,973,974,975,976,977,978,979,980,981,982,983,984,985,986,987,988,989,990,991,992,993,994,995,996,997,998,999,1000,1001,1002,1003,1004,1005,1006,1007,1008,1009,1010,1011,1012,1013,1014,1015,1016,1017,1018,1019,1020,1021,1022,1023,
151,1024,1025,1026,1027,1028,1029,1030,1031,1032,1033,1034,1035,1036,1037,1038,1039,1040,1041,1042,1043,1044,1045,1046,1047,1048,1049,1050,1051,1052,1053,1054,1055,1056,1057,1058,1059,1060,1061,1062,1063,1064,1065,1066,1067,1068,1069,1070,1071,922,923,924,925,926,927,928,929,930,931,932,933,934,935,936,937,938,939,940,941,942,943,944,945,946,947,948,949,950,951,952,953,954,955,956,957,958,959,960,961,962,963,964,965,966,967,968,969,970,971,972,973,974,975,976,977,978,979,980,981,982,983,984,985,986,987,988,989,990,991,992,993,994,995,996,997,998,999,1000,1001,1002,1003,1004,1005,1006,1007,1008,1009,1010,1011,1012,1013,1014,1015,1016,1017,1018,1019,1020,1021,1022,1023,
152,963,965,1032,972,978,979,980,981,1045,1050,986,1051,925,989,1056,1057,993,994,1058,996,933,998,1001,1066,938,1067,940,1069,943,1007,1009,945,1010,947,948,1015,953,955,957,
153,963,965,1032,972,978,979,980,981,1045,986,1050,1051,989,925,1056,993,1057,994,1058,996,933,998,1001,938,1066,1067,940,1069,1007,943,945,1009,1010,947,948,1015,953,955,957,
155,995,
161,960,1025,962,1026,1029,1031,968,1038,1039,1040,1042,1043,1044,984,1049,987,988,1053,926,1054,1055,992,929,995,997,937,1068,1004,1005,1006,1071,1008,946,1012,951,958,959,
162,1000,
163,1000,
164,1001,
165,976,
166,1005,
167,1007,
168,1008,
174,1024,1025,1026,1027,1028,1029,1030,1031,1032,1033,1034,1035,1036,1037,1038,1039,1040,1041,1042,1043,1044,1045,1046,1047,1048,1049,1050,1051,1052,1053,1054,1055,1056,1057,1058,1059,1060,1061,1062,1063,1064,1065,1066,1067,1068,1069,1070,1071,922,923,924,925,926,927,928,929,930,931,932,933,934,935,936,937,938,939,940,941,942,943,944,945,946,947,948,949,950,951,952,953,954,955,956,957,958,959,960,961,962,963,964,965,966,967,968,969,970,971,972,973,974,975,976,977,978,979,980,981,982,983,984,985,986,987,988,989,990,991,992,993,994,995,996,997,998,999,1000,1001,1002,1003,1004,1005,1006,1007,1008,1009,1010,1011,1012,1013,1014,1015,1016,1017,1018,1019,1020,1021,1022,1023,
176,1056,1057,996,965,1063,1001,1067,940,1069,943,1009,979,980,948,1015,986,
177,1056,1057,962,996,965,1062,1063,1064,1065,1001,1067,940,1069,943,1009,979,948,980,1015,986,
178,1056,1057,996,965,1063,1001,1067,940,1069,943,1009,979,980,948,1015,986,
179,960,962,1029,967,968,1033,1035,939,1036,1070,944,1011,949,951,1048,985,
180,960,962,1029,967,968,1033,939,1035,1036,1070,944,1011,949,951,1048,985,
181,960,962,1029,967,968,1033,1035,939,1036,1070,944,1011,949,951,1048,985,
182,960,962,1029,967,968,1033,1035,939,1036,1070,944,1011,949,951,1048,985,
183,960,962,1029,967,968,1033,939,1035,1036,1070,944,1011,949,951,1048,985,
184,960,962,1029,967,968,1033,939,1035,1036,1070,944,1011,949,951,1048,985,
185,960,962,1029,967,968,1033,939,1035,1036,1070,944,1011,949,951,1048,985,
186,960,962,1029,967,968,1033,1035,939,1036,1070,944,1011,949,951,1048,985,
187,960,962,1029,967,968,1033,939,1035,1036,1070,944,1011,949,951,1048,985,
188,1024,961,1027,1028,964,966,1034,971,976,1041,923,932,1061,999,935,936,1002,1013,1014,1016,1017,1018,1019,1020,1021,1022,1023,
189,1012,
190,1024,961,1027,964,1028,966,1034,971,976,1041,923,932,1061,935,999,936,1002,1013,1014,1016,1017,1018,1019,1020,1021,1022,1023,
191,1024,961,1027,964,1028,966,1034,971,976,1041,923,932,1061,935,999,936,1002,1013,1014,1016,1017,1018,1019,1020,1021,1022,1023,
192,1024,961,1027,1028,964,966,1034,971,976,1041,923,932,1061,999,935,936,1002,1013,1014,1016,1017,1018,1019,1020,1021,1022,1023,
193,1024,961,1027,964,1028,966,1034,971,976,1041,923,932,1061,935,999,936,1002,1013,1014,1016,1017,1018,1019,1020,1021,1022,1023,
194,1024,961,1027,1028,964,966,1034,971,976,1041,923,932,1061,999,935,936,1002,1013,1014,1016,1017,1018,1019,1020,1021,1022,1023,
195,1024,961,1027,964,1028,966,1034,971,976,1041,923,932,1061,999,935,936,1002,1013,1014,1016,1017,1018,1019,1020,1021,1022,1023,
196,1024,961,1027,1028,964,966,1034,971,976,1041,923,932,1061,935,999,936,1002,1013,1014,1016,1017,1018,1019,1020,1021,1022,1023,
197,1024,961,1027,1028,964,966,1034,971,976,1041,923,932,1061,999,935,936,1002,1013,1014,1016,1017,1018,1019,1020,1021,1022,1023,
198,1024,961,1027,964,1028,966,1034,971,976,1041,923,932,1061,999,935,936,1002,1013,1014,1016,1017,1018,1019,1020,1021,1022,1023,
199,1024,961,1027,964,1028,966,1034,971,976,1041,923,932,1061,935,999,936,1002,1013,1014,1016,1017,1018,1019,1020,1021,1022,1023,
200,1024,961,1027,964,1028,966,1034,971,976,1041,923,932,1061,935,999,936,1002,1013,1014,1016,1017,1018,1019,1020,1021,1022,1023,
201,1024,961,1027,1028,964,966,1034,971,976,1041,923,932,1061,935,999,936,1002,1013,1014,1016,1017,1018,1019,1020,1021,1022,1023,
202,1024,961,1027,964,1028,966,1034,971,976,1041,923,932,1061,999,935,936,1002,1013,1014,1016,1017,1018,1019,1020,1021,1022,1023,
203,1024,961,1027,964,1028,966,1034,971,976,1041,923,932,1061,935,999,936,1002,1013,1014,1016,1017,1018,1019,1020,1021,1022,1023,
204,1024,961,1027,1028,964,966,1034,971,976,1041,923,932,1061,935,999,936,1002,1013,1014,1016,1017,1018,1019,1020,1021,1022,1023,
205,1024,961,1027,1028,964,966,1034,971,976,1041,923,932,1061,935,999,936,1002,1013,1014,1016,1017,1018,1019,1020,1021,1022,1023,
206,1027,1028,
207,1024,961,1027,964,1028,966,1034,971,976,1041,923,932,1061,999,935,936,1002,1013,1014,1016,1017,1018,1019,1020,1021,1022,1023,
208,1024,961,1027,964,1028,966,1034,971,976,1041,923,932,1061,935,999,936,1002,1013,1014,1016,1017,1018,1019,1020,1021,1022,1023,
209,1024,961,1027,964,1028,966,1034,971,976,1041,923,932,1061,935,999,936,1002,1013,1014,1016,1017,1018,1019,1020,1021,1022,1023,
210,1024,961,1027,964,1028,966,1034,971,976,1041,923,932,1061,999,935,936,1002,1013,1014,1016,1017,1018,1019,1020,1021,1022,1023,
214,1027,1028,
215,1027,1028,
216,1028,
217,1028,
218,1028,
219,944,960,1029,949,967,951,939,1035,1036,1070,
220,1057,1045,1015,1032,938,940,972,
221,1057,1045,1015,1032,938,972,940,
222,1030,
225,1024,1025,1026,1027,1028,1029,1030,1031,1032,1033,1034,1035,1036,1037,1038,1039,1040,1041,1042,1043,1044,1045,1046,1047,1048,1049,1050,1051,1052,1053,1054,1055,1056,1057,1058,1059,1060,1061,1062,1063,1064,1065,1066,1067,1068,1069,1070,1071,922,923,924,925,926,927,928,929,930,931,932,933,934,935,936,937,938,939,940,941,942,943,944,945,946,947,948,949,950,951,952,953,954,955,956,957,958,959,960,961,962,963,964,965,966,967,968,969,970,971,972,973,974,975,976,977,978,979,980,981,982,983,984,985,986,987,988,989,990,991,992,993,994,995,996,997,998,999,1000,1001,1002,1003,1004,1005,1006,1007,1008,1009,1010,1011,1012,1013,1014,1015,1016,1017,1018,1019,1020,1021,1022,1023,
227,1040,
228,1042,
229,1024,1025,1026,1027,1028,1029,1030,1031,1032,1033,1034,1035,1036,1037,1038,1039,1040,1041,1042,1043,1044,1045,1046,1047,1048,1049,1050,1051,1052,1053,1054,1055,1056,1057,1058,1059,1060,1061,1062,1063,1064,1065,1066,1067,1068,1069,1070,1071,922,923,924,925,926,927,928,929,930,931,932,933,934,935,936,937,938,939,940,941,942,943,944,945,946,947,948,949,950,951,952,953,954,955,956,957,958,959,960,961,962,963,964,965,966,967,968,969,970,971,972,973,974,975,976,977,978,979,980,981,982,983,984,985,986,987,988,989,990,991,992,993,994,995,996,997,998,999,1000,1001,1002,1003,1004,1005,1006,1007,1008,1009,1010,1011,1012,1013,1014,1015,1016,1017,1018,1019,1020,1021,1022,1023,
237,1049,
243,1024,1025,1026,1027,1028,1029,1030,1031,1032,1033,1034,1035,1036,1037,1038,1039,1040,1041,1042,1043,1044,1045,1046,1047,1048,1049,1050,1051,1052,1053,1054,1055,1056,1057,1058,1059,1060,1061,1062,1063,1064,1065,1066,1067,1068,1069,1070,1071,922,923,924,925,926,927,928,929,930,931,932,933,934,935,936,937,938,939,940,941,942,943,944,945,946,947,948,949,950,951,952,953,954,955,956,957,958,959,960,961,962,963,964,965,966,967,968,969,970,971,972,973,974,975,976,977,978,979,980,981,982,983,984,985,986,987,988,989,990,991,992,993,994,995,996,997,998,999,1000,1001,1002,1003,1004,1005,1006,1007,1008,1009,1010,1011,1012,1013,1014,1015,1016,1017,1018,1019,1020,1021,1022,1023,
244,960,962,1029,967,968,1033,939,1035,1036,1070,944,1011,949,951,1048,985,
245,1024,1025,1026,1027,1028,1029,1030,1031,1032,1033,1034,1035,1036,1037,1038,1039,1040,1041,1042,1043,1044,1045,1046,1047,1048,1049,1050,1051,1052,1053,1054,1055,1056,1057,1058,1059,1060,1061,1062,1063,1064,1065,1066,1067,1068,1069,1070,1071,922,923,924,925,926,927,928,929,930,931,932,933,934,935,936,937,938,939,940,941,942,943,944,945,946,947,948,949,950,951,952,953,954,955,956,957,958,959,960,961,962,963,964,965,966,967,968,969,970,971,972,973,974,975,976,977,978,979,980,981,982,983,984,985,986,987,988,989,990,991,992,993,994,995,996,997,998,999,1000,1001,1002,1003,1004,1005,1006,1007,1008,1009,1010,1011,1012,1013,1014,1015,1016,1017,1018,1019,1020,1021,1022,1023,
246,1048,
247,1048,
248,936,
249,1048,
250,1048,
251,1048,
252,1048,
253,1048,
256,1056,1057,962,996,965,1062,1063,1064,1065,1001,1067,940,1069,943,1009,979,948,980,1015,986,
257,1056,1057,962,996,965,1062,1063,1064,1065,1001,1067,940,1069,943,1009,979,980,948,1015,986,
258,1024,961,1027,964,1028,966,1034,971,976,1041,923,932,1061,935,999,936,1002,1013,1014,1016,1017,1018,1019,1020,1021,1022,1023,
259,1008,929,1043,1012,1031,937,1049,1004,1071,1055,
260,1055,
262,1056,
263,1056,
264,1056,
265,1061,
266,1067,
267,1067,
268,1070,
269,1024,961,1027,964,1028,966,1034,971,976,1041,923,932,1061,999,935,936,1002,1013,1014,1016,1017,1018,1019,1020,1021,1022,1023,
270,1024,961,1027,964,1028,966,1034,971,976,1041,923,932,1061,935,999,936,1002,1013,1014,1016,1017,1018,1019,1020,1021,1022,1023,
271,1071,
