2,1024,1025,1026,1027,1028,1029,1030,1031,1032,1033,1034,1035,1036,1037,1038,1039,1040,1041,1042,1043,1044,1045,1046,1047,1048,1049,1050,1051,1052,1053,1054,1055,1056,1057,1058,1059,1060,1061,1062,1063,1064,1065,1066,1067,1068,1069,1070,1071,922,923,924,925,926,927,928,929,930,931,932,933,934,935,936,937,938,939,940,941,942,943,944,945,946,947,948,949,950,951,952,953,954,955,956,957,958,959,960,961,962,963,964,965,966,967,968,969,970,971,972,973,974,975,976,977,978,979,980,981,982,983,984,985,986,987,988,989,990,991,992,993,994,995,996,997,998,999,1000,1001,1002,1003,1004,1005,1006,1007,1008,1009,1010,1011,1012,1013,1014,1015,1016,1017,1018,1019,1020,1021,1022,1023,
3,922,
5,944,960,949,1029,951,967,1035,939,1036,1070,
7,923,
8,971,
9,960,1025,962,1026,1029,1031,968,1038,1039,1040,1042,1043,1044,984,1049,987,988,1053,926,1054,1055,992,929,995,997,937,1068,1004,1005,1006,1071,1008,946,1012,951,958,959,
10,960,962,1029,967,968,1033,1035,939,1036,1070,944,1011,949,951,1048,985,
11,1024,1027,1028,1029,1033,1034,1035,1036,1037,1041,1048,923,924,927,928,930,1059,932,1061,934,935,936,939,1070,944,949,950,951,960,961,962,964,966,967,968,970,971,976,977,985,990,991,999,1000,1002,1003,1011,1013,1014,1016,1017,1018,1019,1020,1021,1022,1023,
12,1024,1027,1028,1029,1033,1034,1035,1036,1037,1041,1048,923,924,927,928,930,1059,932,1061,934,935,936,939,1070,944,949,950,951,960,961,962,964,966,967,968,970,971,976,977,985,990,991,999,1000,1002,1003,1011,1013,1014,1016,1017,1018,1019,1020,1021,1022,1023,
13,969,956,
14,1024,1025,1026,1027,1028,1029,1030,1031,1032,1033,1034,1035,1036,1037,1038,1039,1040,1041,1042,1043,1044,1045,1046,1047,1048,1049,1050,1051,1052,1053,1054,1055,1056,1057,1058,1059,1060,1061,1062,1063,1064,1065,1066,1067,1068,1069,1070,1071,922,923,924,925,926,927,928,929,930,931,932,933,934,935,936,937,938,939,940,941,942,943,944,945,946,947,948,949,950,951,952,953,954,955,956,957,958,959,960,961,962,963,964,965,966,967,968,969,970,971,972,973,974,975,976,977,978,979,980,981,982,983,984,985,986,987,988,989,990,991,992,993,994,995,996,997,998,999,1000,1001,1002,1003,1004,1005,1006,1007,1008,1009,1010,1011,1012,1013,1014,1015,1016,1017,1018,1019,1020,1021,1022,1023,
15,1024,1025,1026,1027,1028,1029,1030,1031,1032,1033,1034,1035,1036,1037,1038,1039,1040,1041,1042,1043,1044,1045,1046,1047,1048,1049,1050,1051,1052,1053,1054,1055,1056,1057,1058,1059,1060,1061,1062,1063,1064,1065,1066,1067,1068,1069,1070,1071,922,923,924,925,926,927,928,929,930,931,932,933,934,935,936,937,938,939,940,941,942,943,944,945,946,947,948,949,950,951,952,953,954,955,956,957,958,959,960,961,962,963,964,965,966,967,968,969,970,971,972,973,974,975,976,977,978,979,980,981,982,983,984,985,986,987,988,989,990,991,992,993,994,995,996,997,998,999,1000,1001,1002,1003,1004,1005,1006,1007,1008,1009,1010,1011,1012,1013,1014,1015,1016,1017,1018,1019,1020,1021,1022,1023,
16,960,962,1029,967,968,1033,939,1035,1036,1070,944,1011,949,951,1048,985,
17,944,960,1029,949,951,967,1035,939,1036,1070,
18,963,965,1032,972,978,979,980,1045,981,986,1050,1051,989,925,1056,1057,993,1058,994,996,933,998,1001,1066,938,1067,940,1069,943,1007,945,1009,1010,947,948,1015,953,955,957,
19,1047,954,974,
20,968,
21,977,1059,950,1000,1037,927,
23,925,
27,925,
28,990,
29,962,
30,926,
31,927,
33,1056,979,948,996,980,965,1001,986,1069,943,
34,1056,
35,928,930,1059,934,1000,970,1003,1037,977,950,990,991,927,
36,928,930,1059,934,1000,970,1003,1037,977,950,990,991,927,
37,1000,
38,977,
39,990,
40,930,934,970,1003,990,991,
41,1003,
42,990,
43,962,
44,932,
45,933,
46,933,
47,930,934,970,990,
48,930,934,970,990,
49,1000,
50,990,
51,990,
53,936,
54,936,
55,923,
56,964,
58,1049,
59,1058,1010,933,998,953,955,957,1007,
60,1048,
61,1048,
65,1029,951,
66,936,
67,941,
68,960,1025,1026,962,1029,1031,968,1038,1039,1040,1042,1043,1044,984,1049,987,988,1053,1054,926,1055,992,929,995,997,937,1068,1004,1005,1006,1071,1008,946,1012,951,958,959,
69,962,
71,962,
72,940,
75,962,
76,968,
78,1056,979,996,948,980,965,1001,986,1069,943,
80,948,965,1069,
81,968,
82,968,
83,944,
87,948,965,1069,
89,1010,1058,933,998,953,955,957,1007,
92,962,
93,965,
95,960,944,949,1029,951,967,939,1035,1036,1070,
97,962,
98,968,
99,1040,
100,968,
101,992,962,968,984,
104,963,
106,964,
108,1048,
109,941,
110,1062,
111,976,
112,944,960,949,1029,967,951,1035,939,1036,1070,
113,973,
114,944,960,949,1029,967,951,939,1035,1036,1070,
116,968,
117,968,
119,1048,
120,992,962,968,984,
125,1024,960,961,962,1027,964,1028,1029,966,967,968,1033,1034,1035,971,1036,976,1041,1048,985,923,932,1061,999,935,936,1002,939,1070,944,1011,949,1013,1014,951,1016,1017,1018,1019,1020,1021,1022,1023,
127,960,1025,962,1026,1029,1031,968,1038,1039,1040,1042,1043,1044,984,1049,987,988,1053,1054,926,1055,992,929,995,997,937,1068,1004,1005,1006,1071,1008,946,1012,951,958,959,
128,1047,954,974,
130,1024,961,1027,1028,964,966,1034,971,976,1041,923,932,1061,999,935,936,1002,1013,1014,1016,1017,1018,1019,1020,1021,1022,1023,
131,1056,979,996,980,948,965,1001,986,1069,943,
135,999,
136,1024,961,1027,964,1028,966,1034,971,976,1041,923,932,1061,935,999,936,1002,1013,1014,1016,1017,1018,1019,1020,1021,1022,1023,
137,999,
138,962,
139,968,
140,1024,961,1027,1028,964,966,1034,971,976,1041,923,932,1061,999,935,936,1002,1013,1014,1016,1017,1018,1019,1020,1021,1022,1023,
141,976,
142,1024,961,1027,1028,964,966,1034,971,976,1041,923,932,1061,935,999,936,1002,1013,1014,1016,1017,1018,1019,1020,1021,1022,1023,
143,976,
144,962,
146,962,
147,962,
148,1056,979,948,980,996,965,1001,986,1069,943,
149,990,
150,1024,1025,1026,1027,1028,1029,1030,1031,1032,1033,1034,1035,1036,1037,1038,1039,1040,1041,1042,1043,1044,1045,1046,1047,1048,1049,1050,1051,1052,1053,1054,1055,1056,1057,1058,1059,1060,1061,1062,1063,1064,1065,1066,1067,1068,1069,1070,1071,922,923,924,925,926,927,928,929,930,931,932,933,934,935,936,937,938,939,940,941,942,943,944,945,946,947,948,949,950,951,952,953,954,955,956,957,958,959,960,961,962,963,964,965,966,967,968,969,970,971,972,973,974,975,976,977,978,979,980,981,982,983,984,985,986,987,988,989,990,991,992,993,994,995,996,997,998,999,1000,1001,1002,1003,1004,1005,1006,1007,1008,1009,1010,1011,1012,1013,1014,1015,1016,1017,1018,1019,1020,1021,1022,1023,
151,1024,1025,1026,1027,1028,1029,1030,1031,1032,1033,1034,1035,1036,1037,1038,1039,1040,1041,1042,1043,1044,1045,1046,1047,1048,1049,1050,1051,1052,1053,1054,1055,1056,1057,1058,1059,1060,1061,1062,1063,1064,1065,1066,1067,1068,1069,1070,1071,922,923,924,925,926,927,928,929,930,931,932,933,934,935,936,937,938,939,940,941,942,943,944,945,946,947,948,949,950,951,952,953,954,955,956,957,958,959,960,961,962,963,964,965,966,967,968,969,970,971,972,973,974,975,976,977,978,979,980,981,982,983,984,985,986,987,988,989,990,991,992,993,994,995,996,997,998,999,1000,1001,1002,1003,1004,1005,1006,1007,1008,1009,1010,1011,1012,1013,1014,1015,1016,1017,1018,1019,1020,1021,1022,1023,
152,960,1025,1026,962,1029,1031,968,1038,1039,1040,1042,1043,1044,984,1049,987,988,1053,1054,926,1055,992,929,995,997,937,1068,1004,1005,1006,1071,1008,946,1012,951,958,959,
154,1029,951,1035,
156,962,
157,968,
159,962,
160,1049,
161,960,1025,962,1026,1029,1031,968,1038,1039,1040,1042,1043,1044,984,1049,987,988,1053,1054,926,1055,992,929,995,997,937,1068,1004,1005,1006,1071,1008,946,1012,951,958,959,
162,990,
163,1000,
164,928,930,1059,934,1000,970,1003,1037,977,950,990,927,991,
165,1024,961,1027,964,1028,966,1034,971,976,1041,923,932,1061,999,935,936,1002,1013,1014,1016,1017,1018,1019,1020,1021,1022,1023,
167,1058,1010,933,998,953,955,957,1007,
168,962,
169,928,930,1059,934,1000,970,1003,1037,977,950,990,991,927,
173,1009,
174,1024,1025,1026,1027,1028,1029,1030,1031,1032,1033,1034,1035,1036,1037,1038,1039,1040,1041,1042,1043,1044,1045,1046,1047,1048,1049,1050,1051,1052,1053,1054,1055,1056,1057,1058,1059,1060,1061,1062,1063,1064,1065,1066,1067,1068,1069,1070,1071,922,923,924,925,926,927,928,929,930,931,932,933,934,935,936,937,938,939,940,941,942,943,944,945,946,947,948,949,950,951,952,953,954,955,956,957,958,959,960,961,962,963,964,965,966,967,968,969,970,971,972,973,974,975,976,977,978,979,980,981,982,983,984,985,986,987,988,989,990,991,992,993,994,995,996,997,998,999,1000,1001,1002,1003,1004,1005,1006,1007,1008,1009,1010,1011,1012,1013,1014,1015,1016,1017,1018,1019,1020,1021,1022,1023,
175,962,
176,962,1064,
177,1056,1057,962,996,965,1062,1063,1064,1001,1065,1067,940,1069,943,1009,979,980,948,1015,986,
178,1056,1057,996,965,1063,1001,1067,940,1069,943,1009,979,948,980,1015,986,
179,960,962,1029,967,968,1033,1035,939,1036,1070,944,1011,949,951,1048,985,
180,960,962,1029,967,968,1033,1035,939,1036,1070,944,1011,949,951,1048,985,
183,962,
184,968,
186,1024,961,1027,1028,964,966,1034,971,976,1041,923,932,1061,935,999,936,1002,1013,1014,1016,1017,1018,1019,1020,1021,1022,1023,
187,1024,961,1027,964,1028,966,1034,971,976,1041,923,932,1061,935,999,936,1002,1013,1014,1016,1017,1018,1019,1020,1021,1022,1023,
188,1024,961,1027,964,1028,966,1034,971,976,1041,923,932,1061,935,999,936,1002,1013,1014,1016,1017,1018,1019,1020,1021,1022,1023,
189,962,
190,1024,961,1027,1028,964,966,1034,971,976,1041,923,932,1061,935,999,936,1002,1013,1014,1016,1017,1018,1019,1020,1021,1022,1023,
192,960,962,1029,967,968,1033,1035,939,1036,1070,944,1011,949,951,1048,985,
193,962,
194,968,
195,960,1025,1026,962,1029,1031,968,1038,1039,1040,1042,1043,1044,984,1049,987,988,1053,926,1054,1055,992,929,995,997,937,1068,1004,1005,1006,1071,1008,946,1012,951,958,959,
197,968,
198,960,1025,962,1026,1029,1031,968,1038,1039,1040,1042,1043,1044,984,1049,987,988,1053,926,1054,1055,992,929,995,997,937,1068,1004,1005,1006,1071,1008,946,1012,951,958,959,
201,968,
204,992,962,984,968,
205,973,
206,962,
207,962,968,985,
208,960,962,1029,967,968,1033,939,1035,1036,1070,944,1011,949,951,1048,985,
210,1029,951,1035,
215,960,1025,962,1026,1029,1031,968,1038,1039,1040,1042,1043,1044,984,1049,987,988,1053,1054,926,1055,992,929,995,997,937,1068,1004,1005,1006,1071,1008,946,1012,951,958,959,
216,1028,
219,1057,1045,1015,1032,938,972,940,
220,963,965,1032,972,978,979,980,1045,981,1050,986,1051,989,925,1056,993,1057,994,1058,996,933,998,1001,1066,938,1067,940,1069,1007,943,945,1009,1010,947,948,1015,953,955,957,
221,968,
224,1051,
225,1024,1025,1026,1027,1028,1029,1030,1031,1032,1033,1034,1035,1036,1037,1038,1039,1040,1041,1042,1043,1044,1045,1046,1047,1048,1049,1050,1051,1052,1053,1054,1055,1056,1057,1058,1059,1060,1061,1062,1063,1064,1065,1066,1067,1068,1069,1070,1071,922,923,924,925,926,927,928,929,930,931,932,933,934,935,936,937,938,939,940,941,942,943,944,945,946,947,948,949,950,951,952,953,954,955,956,957,958,959,960,961,962,963,964,965,966,967,968,969,970,971,972,973,974,975,976,977,978,979,980,981,982,983,984,985,986,987,988,989,990,991,992,993,994,995,996,997,998,999,1000,1001,1002,1003,1004,1005,1006,1007,1008,1009,1010,1011,1012,1013,1014,1015,1016,1017,1018,1019,1020,1021,1022,1023,
226,962,
227,1040,
228,962,
229,1024,1025,1026,1027,1028,1029,1030,1031,1032,1033,1034,1035,1036,1037,1038,1039,1040,1041,1042,1043,1044,1045,1046,1047,1048,1049,1050,1051,1052,1053,1054,1055,1056,1057,1058,1059,1060,1061,1062,1063,1064,1065,1066,1067,1068,1069,1070,1071,922,923,924,925,926,927,928,929,930,931,932,933,934,935,936,937,938,939,940,941,942,943,944,945,946,947,948,949,950,951,952,953,954,955,956,957,958,959,960,961,962,963,964,965,966,967,968,969,970,971,972,973,974,975,976,977,978,979,980,981,982,983,984,985,986,987,988,989,990,991,992,993,994,995,996,997,998,999,1000,1001,1002,1003,1004,1005,1006,1007,1008,1009,1010,1011,1012,1013,1014,1015,1016,1017,1018,1019,1020,1021,1022,1023,
230,968,
232,968,
234,1048,
235,1048,
237,962,
238,962,
239,968,
240,992,962,968,984,
242,962,
243,1024,1025,1026,1027,1028,1029,1030,1031,1032,1033,1034,1035,1036,1037,1038,1039,1040,1041,1042,1043,1044,1045,1046,1047,1048,1049,1050,1051,1052,1053,1054,1055,1056,1057,1058,1059,1060,1061,1062,1063,1064,1065,1066,1067,1068,1069,1070,1071,922,923,924,925,926,927,928,929,930,931,932,933,934,935,936,937,938,939,940,941,942,943,944,945,946,947,948,949,950,951,952,953,954,955,956,957,958,959,960,961,962,963,964,965,966,967,968,969,970,971,972,973,974,975,976,977,978,979,980,981,982,983,984,985,986,987,988,989,990,991,992,993,994,995,996,997,998,999,1000,1001,1002,1003,1004,1005,1006,1007,1008,1009,1010,1011,1012,1013,1014,1015,1016,1017,1018,1019,1020,1021,1022,1023,
244,960,962,1029,967,968,1033,939,1035,1036,1070,944,1011,949,951,1048,985,
245,1024,1025,1026,1027,1028,1029,1030,1031,1032,1033,1034,1035,1036,1037,1038,1039,1040,1041,1042,1043,1044,1045,1046,1047,1048,1049,1050,1051,1052,1053,1054,1055,1056,1057,1058,1059,1060,1061,1062,1063,1064,1065,1066,1067,1068,1069,1070,1071,922,923,924,925,926,927,928,929,930,931,932,933,934,935,936,937,938,939,940,941,942,943,944,945,946,947,948,949,950,951,952,953,954,955,956,957,958,959,960,961,962,963,964,965,966,967,968,969,970,971,972,973,974,975,976,977,978,979,980,981,982,983,984,985,986,987,988,989,990,991,992,993,994,995,996,997,998,999,1000,1001,1002,1003,1004,1005,1006,1007,1008,1009,1010,1011,1012,1013,1014,1015,1016,1017,1018,1019,1020,1021,1022,1023,
246,1048,
247,1049,
248,936,
249,1048,
250,962,
253,941,
255,962,
258,944,960,949,1029,967,951,1035,939,1036,1070,
259,1008,929,1043,1012,1031,937,1049,1004,1055,1071,
260,962,
261,962,
262,986,
263,968,
266,968,
267,1067,
268,1069,
269,960,962,1029,967,968,1033,939,1035,1036,1070,944,1011,949,951,1048,985,
270,962,
271,962,
