1057,940,
1046,928,930,931,1059,1060,934,1000,970,1003,1037,942,977,981,950,990,991,927,
985,962,968,
997,960,1025,1026,962,1029,1031,968,1038,1039,1040,1042,1043,1044,984,1049,987,988,1053,926,1054,1055,992,929,995,937,1068,1004,1005,1006,1071,1008,946,1012,951,958,959,
924,1024,1027,1028,1029,1033,1034,1035,1036,1037,1041,1048,923,927,928,930,1059,932,1061,934,935,936,939,1070,944,949,950,951,960,961,962,964,966,967,968,970,971,976,977,985,990,991,999,1000,1002,1003,1011,1013,1014,1016,1017,1018,1019,1020,1021,1022,1023,
934,930,970,990,
983,992,962,968,984,985,
993,963,965,1032,972,978,979,980,981,1045,1050,986,1051,989,925,1056,1057,1058,994,996,933,998,1001,1066,938,1067,940,1069,1007,943,945,1009,1010,947,948,1015,953,955,957,
975,1024,1025,1026,1027,1028,1029,1030,1031,1032,1033,1034,1035,1036,1037,1038,1039,1040,1041,1042,1043,1044,1045,1046,1047,1048,1049,1050,1051,1052,1053,1054,1055,1056,1057,1058,1059,1060,1061,1062,1063,1064,1065,1066,1067,1068,1069,1070,1071,922,923,924,925,926,927,928,929,930,931,932,933,934,935,936,937,938,939,940,941,942,943,944,945,946,947,948,949,950,951,952,953,954,955,956,957,958,959,960,961,962,963,964,965,966,967,968,969,970,971,972,973,974,976,977,978,979,980,981,982,983,984,985,986,987,988,989,990,991,992,993,994,995,996,997,998,999,1000,1001,1002,1003,1004,1005,1006,1007,1008,1009,1010,1011,1012,1013,1014,1015,1016,1017,1018,1019,1020,1021,1022,1023,
1013,1024,961,1027,964,1028,966,1034,971,976,1041,923,932,1061,999,935,936,1002,1014,1016,1017,1018,1019,1020,1021,1022,1023,
969,956,
1018,1024,1028,1014,1016,1017,1019,1020,1021,1022,1023,
937,1008,929,1043,1012,1031,1049,1004,1071,1055,
982,952,1052,
984,992,962,968,
1024,1028,
951,1029,
959,1025,1004,1038,1039,1008,1042,1044,1049,987,988,926,1054,958,
1011,960,962,1029,967,968,1033,1035,939,1036,1070,944,949,951,1048,985,
1068,1029,951,
928,977,930,1059,950,934,1000,970,1003,1037,990,991,927,
979,1056,996,948,980,965,1001,986,1069,943,
967,944,960,1029,949,951,1035,939,1036,1070,
1052,952,
991,930,934,970,1003,990,
1063,1056,1057,996,965,1001,1067,940,1069,943,1009,979,948,980,1015,986,
1027,1028,
1059,977,950,1000,1037,927,
974,1047,954,
1032,1057,1045,1015,938,940,972,
1065,1056,1057,962,996,965,1062,1063,1064,1001,1067,940,1069,943,1009,979,948,980,1015,986,
953,1058,1010,933,998,955,957,1007,
989,945,994,978,947,1066,1050,
1035,1029,951,
948,965,1069,
1064,962,
1022,1024,1028,1019,1021,
980,996,986,
