1007,993,953,975,
966,1013,924,975,
947,993,989,975,
1046,975,
1016,1013,1018,924,975,
1056,993,979,1063,1065,975,
1017,1013,1018,924,975,
1015,993,1063,1032,1065,975,
1018,1013,924,975,
937,997,975,
1062,1065,975,
1042,997,975,959,
1049,997,937,975,959,
925,993,975,
1066,993,989,975,
992,997,983,984,975,
977,928,1059,1046,924,975,
965,993,979,948,1063,1065,975,
944,1011,967,924,975,
999,1013,924,975,
1032,993,975,
922,975,
989,993,975,
948,993,979,1063,1065,975,
1047,974,975,
1025,997,975,959,
971,1013,924,975,
957,993,953,975,
939,1011,967,924,975,
1055,997,937,975,
985,1011,983,924,975,
997,975,
978,993,989,975,
934,928,1046,924,975,991,
983,975,
993,975,
1004,997,937,975,959,
1013,924,975,
946,997,975,
1012,997,937,975,
1001,993,979,1063,1065,975,
982,975,
1068,997,975,
979,993,1063,1065,975,
926,997,975,959,
996,993,979,980,1063,1065,975,
1039,997,975,959,
976,1013,924,975,
1058,993,953,975,
1034,1013,924,975,
986,993,979,980,1063,1065,975,
1003,928,1046,924,975,991,
1059,928,1046,924,975,
1061,1013,924,975,
927,928,1059,1046,924,975,
968,1011,997,983,984,985,924,975,
1026,997,975,
1064,1065,975,
936,1013,924,975,
1022,1013,1018,924,975,
970,928,1046,934,924,975,991,
950,928,1059,1046,924,975,
1045,993,1032,975,
1006,997,975,
929,997,937,975,
962,1011,997,983,1064,984,1065,985,924,975,
1043,997,937,975,
924,975,
1002,1013,924,975,
954,974,975,
930,928,1046,934,924,975,991,
1030,975,
969,975,
1020,1013,1018,924,975,
984,997,983,975,
931,1046,975,
959,997,975,
960,1011,997,967,924,975,
995,997,975,
1051,993,975,
1036,1011,967,924,975,
1000,928,1059,1046,924,975,
1050,993,989,975,
949,1011,967,924,975,
1033,1011,924,975,
923,1013,924,975,
933,993,953,975,
958,997,975,959,
974,975,
1048,1011,924,975,
953,993,975,
1023,1013,1018,924,975,
956,969,975,
988,997,975,959,
1041,1013,924,975,
932,1013,924,975,
955,993,953,975,
942,1046,975,
952,982,1052,975,
1021,1013,1018,924,1022,975,
981,993,1046,975,
1010,993,953,975,
1057,993,1063,1032,1065,975,
1053,997,975,
1040,997,975,
963,993,975,
1070,1011,967,924,975,
1071,997,937,975,
941,975,
1037,928,1059,1046,924,975,
935,1013,924,975,
1024,1013,1018,924,1022,975,
973,975,
951,1011,997,967,1035,924,1068,975,
1005,997,975,
972,993,1032,975,
1011,924,975,
998,993,953,975,
943,993,979,1063,1065,975,
928,1046,924,975,
1060,1046,975,
1029,1011,997,951,967,1035,924,1068,975,
940,1057,993,1063,1032,1065,975,
967,1011,924,975,
1031,997,937,975,
1052,982,975,
945,993,989,975,
1019,1013,1018,924,1022,975,
990,928,1046,934,924,975,991,
938,993,1032,975,
1069,993,979,948,1063,1065,975,
1009,993,1063,1065,975,
991,928,1046,924,975,
1063,1065,975,
1027,1013,924,975,
961,1013,924,975,
1044,997,975,959,
1067,993,1063,1065,975,
1065,975,
964,1013,924,975,
987,997,975,959,
1035,1011,967,924,975,
1054,997,975,959,
1028,1024,1027,1013,1018,924,1022,975,
1038,997,975,959,
1008,997,937,975,959,
1014,1013,1018,924,975,
980,993,979,1063,1065,975,
994,993,989,975,
